1.5550557712 -4.2454842507 0.6747762612 -41.4764825096 7.3173940555 83.9149162871 76.5943935159
-8.7146127383 -10.2696685095 1.6022911464 92.7514885265 14.9187289748 57.3548424821 97.5219442217
-0.560147567 8.1544651713 0.8852253184 -71.7065828065 6.2476562253 55.7962304849 -2.0542482455
-3.0158659344 -2.4557183674 0.8760782777 -0.9147040676 11.2537940696 47.4515816761 -30.4263324913
1.3205348587 4.3364007931 0.930570877 5.4492599291 5.4337017785 52.525679091 -106.8936473528
-1.0663878725 -2.3869227312 1.1904913357 25.9920458687 8.0505803727 41.964091933 -67.1966841106
-5.1693383208 -4.1029504484 1.2465306222 5.6039286491 9.7321252803 25.5719620713 -75.3742485091
-19.142494929 -13.9731566082 2.2527470669 100.6216444738 20.7330328074 1.3466286371 -155.4413644171
16.0598617947 35.2023567237 2.4806947563 22.7947689413 26.9450207469 41.6079615869 -271.6704270644
1.1143137879 -14.9455480067 1.473303025 -100.7391731308 12.1351898734 42.3124225446 -212.5050656185
0.4005177424 -0.7137960455 0.735051882 -73.8251143025 6.6482400933 41.6074903755 -125.5026770391
9.3498644986 8.9493467562 1.1051908863 37.0139004363 10.5064027939 57.3940127887 -120.7692524936
-3.6935960591 -13.0434605578 0.9465371794 -15.8653706991 6.33403179 51.5052846352 -51.7460083862
-0.2567748668 3.4368211924 0.7525487057 -19.3988473655 5.5876304967 51.0321884468 -46.9309009548
-7.1979619485 -6.9411870817 1.0367008023 28.4152096595 8.7723785166 37.3665882885 -45.0996421258
0.0843343984 7.2822963469 0.8489502921 -18.7750510142 6.5186666667 36.7012378722 -86.0763126453
5.1203043483 5.0359699499 0.7652434341 -8.3706857999 7.1853903002 48.8438265562 -93.8209884563
-3.1622895908 -8.2825939391 0.6704803397 -9.4763094464 4.4124126977 42.7583828281 -65.3809079248
7.1237315643 10.2860211551 0.7661824932 9.5702153504 8.1957450872 55.9827347471 -64.9135869608
-1.1621690428 -8.2859006071 0.5693670439 -19.6815449324 3.1918611814 54.035068143 -23.1558779976
8.0013187855 9.1634878283 0.6894797458 12.011270198 8.8737723356 69.7913866473 -2.7947905324
-0.4200748549 -8.4213936404 0.9262297517 23.6750005806 4.6279069767 70.7624622731 68.1038968948
-0.1026566291 0.3174182258 1.7737559266 84.7526174947 7.3137954811 84.3484797654 100.8306131611
4.874491018 4.9771476471 0.7578520101 -101.5903916535 5.5228310502 98.9807237622 86.1502604682
-0.0002283892 -4.8747194072 0.7624016884 0.454967838 3.7780379982 98.2359454426 131.7471536407
-0.4545454545 -0.4543170653 0.6867521145 -7.5649573933 4.4201305235 89.5891965632 139.4676103747
-1.598173516 -1.1436280614 1.1469221689 46.0170054383 6.4138982345 85.576884497 156.6347517608
-2.4637882686 -0.8656147526 0.9121417205 -23.478044839 5.2824148182 79.764190688 109.0784706003
1.9921161244 4.455904393 0.8540488643 -5.8092856247 5.625717566 84.5697941684 78.7166267864
1.1579096039 -0.8342065205 0.5939585038 -26.0090360405 2.8299750962 82.343235836 72.7252747556
1.2359807736 0.0780711698 0.3659364714 -22.8022032496 3.7267552182 86.9538212514 92.5341116754
4.8587570621 3.6227762885 0.6529568836 28.7020412198 5.0021468441 98.4381101132 96.4329625332
3.1670258621 -1.6917312001 0.8412619052 18.8305021669 6.9525846731 92.5579480364 128.7243350849
-0.0812625994 -3.2482884614 1.3805580473 53.9296142116 5.633266129 87.8345766441 153.0365359646
0.8022061191 0.8834687185 0.9762412195 -40.4316827857 3.5154385541 90.4726872701 150.5887161551
12.6221888527 11.8199827336 1.6812971918 70.5055972351 11.5777786356 99.4835714729 139.011356259
3.8601173899 -8.7620714628 2.4062105815 72.4913389708 7.9766753276 91.4820732353 214.5515294787
3.8936283186 0.0335109287 1.1589869396 -124.7223641944 5.423559322 98.68217667 243.8739875214
-2.4771862826 -6.3708146011 1.5749625593 41.5975619701 8.8190399 90.6414059711 214.5975952554
0.8760070053 3.3531932878 1.7299802868 15.5017727528 3.5191426365 92.1688985402 161.95667219
-2.8645833333 -3.7405903386 1.5310105471 -19.8969739772 4.6121371849 84.0301733602 141.2497455282
-1.4823949955 1.3821883378 2.3796136778 84.8603130706 9.972301644 79.1786995823 112.2111491107
3.0999455832 4.5823405787 1.7965210663 -58.3092611417 3.8483362522 87.9002583376 70.2260178381
5.7484106973 2.6484651141 1.8588557379 6.2334671518 8.3469721768 95.0005 88.9880205187
0.1870722282 -5.5613384691 1.4806682673 -37.8187470548 5.2012639767 92.9146045609 108.1583003641
-0.887016576 -1.0740888041 1.1632910609 -31.7377206395 5.6100660066 89.2780203785 107.5621868041
-0.9886192469 -0.1016026709 1.5026899955 33.9398934575 7.5488486842 87.6239689471 86.7201744536
-7.3177459231 -6.3291266762 2.0764254473 57.3735451805 8.0168776371 66.3284813197 76.2823534042
3.3243628017 10.6421087248 1.7185693853 -35.7856061961 7.3266070227 76.6613294517 41.1578334981
3.380363662 0.0560008603 1.4057464053 -31.282298 4.8819947508 83.5428419372 28.7388010428
-1.5855279207 -4.9658915828 0.9504914104 -45.525499489 5.5311036789 78.3598071501 62.200520249
-0.851998426 0.7335294947 0.8333163907 -11.7175019743 3.7604999641 74.1489117984 56.3587786262
8.0560702489 8.9080686749 1.1495080509 31.6191660195 8.7541277052 98.7864965729 39.9667334368
-0.2039781445 -8.2600483934 0.9052364509 -24.4271599959 3.4996191196 91.8257242888 106.8690828947
5.595602988 5.7995811325 0.9165103603 1.1273909357 6.125105994 98.0419572597 141.7138260532
4.5022435402 -1.0933594478 0.993017698 7.6507337711 6.4453323926 98.9468111641 204.8268266304
3.9384185325 -0.5638250077 1.4663736235 47.3355925484 8.4232876712 87.6209632855 248.1003039113
1.4939424933 -2.4444760392 1.0879837785 -37.8389844946 5.7625974295 89.9800293711 271.6554440303
3.4022392066 1.9082967134 0.7840470611 -30.3936717453 7.7528508927 94.9284498002 223.9947117965
-0.1666378969 -3.5688771036 0.6757629629 -10.828409817 4.1003919502 90.3914116679 190.9596565151
-5.2413173408 -5.0746794439 0.9953260291 31.9563066168 6.6882853668 75.311287858 171.3435320952
1.1790790808 6.4203964216 0.8055341391 -18.9791889976 4.1326722688 79.3829095326 109.0318606545
3.2956152758 2.116536195 1.6182175182 81.2683379067 14.4017647316 81.1916038405 91.3886286812
-3.0538093197 -6.3494245955 1.0682769916 -54.9940526586 5.1001082251 72.2102745022 99.7957355885
-8.0805198474 -5.0267105277 1.8201701834 75.1893191829 14.0784707503 49.1333204459 80.3712862197
-3.9666307858 4.1138890616 1.4746668137 -34.5503369691 10.2674618048 38.584557639 23.5649654641
-6.9498242608 -2.983193475 2.5647043945 109.0037580765 19.683107089 21.1051775243 -13.3874701989
10.720144385 17.6699686459 1.2511595794 -131.3544815136 14.8933851141 47.4825214254 -67.8463047947
1.6857434051 -9.0344009799 0.5981099042 -65.3049675134 5.5932852454 51.8723016947 -30.483737675
10.0984034343 8.4126600292 0.8699426861 27.183278185 9.893258427 78.3248330273 -7.6545428806
8.6235901516 -1.4748132827 1.1453659893 27.542330319 10.8816120907 97.1127996665 57.0968383291
-2.2570832984 -10.88067345 1.9124014122 76.7035422945 6.734259607 89.1212054099 127.613963122
1.0667954859 3.3238787844 1.7830576449 -12.9343767332 5.0893926974 91.4766947323 128.7542252907
3.5565850805 2.4897895946 1.6632540056 -11.9803639249 5.8206483938 96.9569070883 114.0673385638
1.9224014566 -1.6341836239 1.5897228764 -7.3531129254 4.3989235564 96.394299795 146.011195608
-1.1321779387 -3.0545793953 1.7726973165 18.2974440142 7.130952381 90.8783443198 163.7978159371
1.419215458 2.5513933967 1.3095555171 -46.3141799463 2.7826373236 93.6884347591 136.3239604845
-2.587625698 -4.0068411559 1.4837974516 17.4241934508 3.1476997579 87.6419110306 129.7482110114
1.4717012657 4.0593269637 1.5376240034 5.3826551848 6.2014577608 91.4796470883 100.3189076112
6.8929928652 5.4212915995 1.4214653648 -11.6158638595 7.3817543201 98.9802831276 91.286563102
4.9192877274 -1.9737051378 1.3066338594 -11.4831505401 7.9709090909 94.4849552421 118.3005719849
5.7186678352 0.7993801078 1.3729730518 6.6339192342 5.616576275 99.9011380672 148.7860209354
2.5575129534 -3.1611548819 1.4263608481 5.3387796325 3.7076164604 99.0853903021 166.6386455711
-2.1108864591 -4.6683994125 3.759015373 233.2654524961 24.6017699115 73.0188669772 168.7958277048
1.5594743122 3.6703607714 2.2767660779 -148.2249295162 18.8 75.5474067739 149.0227872395
9.6167530751 8.0572787629 1.3845997772 -89.2166300706 13.929161314 91.3472658532 136.3976399978
1.0672853828 -8.5494676923 1.0359959594 -34.8603817729 5.0938337802 93.1380638294 152.2904263893
2.4094948958 1.3422095129 1.1649185357 12.8922576284 11.2050739958 89.2310379901 161.4688847008
3.7043007864 1.2948058906 0.9867622207 -17.8156315014 6.8793103448 95.5385723069 152.1183200815
1.1148561058 -2.5894446806 1.1336261176 14.6863896883 3.4193874968 97.1006308497 141.344566056
15.811965812 14.6971097062 1.319165765 18.5539647396 14.3192902051 99.002936139 140.807530575
22.5832656377 6.7712998257 1.4116443259 9.2478560902 21.6216216216 99.4473342003 180.9803963391
-4.3315862401 -26.9148518778 3.2102415265 179.8597200565 18.5411217669 86.4560973117 248.6892747449
-7.7071788413 -3.3755926012 2.2592654303 -95.0976096129 22.9530465355 73.3229928402 206.6986275552
1.6093835243 9.3165623656 2.4841909155 22.4925485135 21.3236557019 75.4891535517 136.7372723162
10.9839893485 9.3746058243 1.6199751804 -86.4215735059 14.7046365197 90.8780639156 114.5682821422
-1.4347721244 -12.418761473 1.2318856141 -38.8089566355 6.4878301642 88.3575883576 152.8907805019
-1.9370030581 -0.5022309337 1.5608090518 32.8923437717 11.3586365285 85.0654885655 132.0110683942
1.9007754066 3.8377784647 1.38772907 -17.3079981773 6.0504712679 88.2016632017 98.8819627664
7.375573921 5.4747985145 1.051521552 -33.6207518046 9.4074815185 95.4428845571 95.3675350721
9.0535942638 1.6780203428 0.4682154491 -58.3306102856 12.0221096269 96.0404755422 113.5769725487
-1.3608644261 -10.4144586899 1.0221160093 55.3900560189 6.509013218 91.6772323051 131.3158592586
-0.0201484624 1.3407159638 1.1534202804 13.1304271148 11.7616580311 91.643540479 128.5372437451
-8.2784442252 -8.2582957629 1.3910750155 23.7654735078 13.9841688654 77.8032929327 103.9515491486
-4.6614089458 3.6170352794 1.4173839206 2.6308905062 16.6058136713 69.768631427 75.4333544598
-5.9943569673 -1.3329480215 2.0968536929 67.9469772344 18.9924607874 58.6695077121 38.7415708344
-14.0995230115 -8.1051660441 3.4681491897 137.1295496823 30.1816004535 30.3977975416 11.4383013654
-0.1996007984 13.8999222131 1.0980788779 -237.0070311804 13.1892976589 30.1117360491 -74.3025870667
1.5037593985 1.7033601969 2.3109517832 121.2872905249 15.7742402315 29.9887736615 -70.0692667499
1.4762962963 -0.0274631022 1.162042984 -114.8908799134 11.1328671329 30.9843058714 -109.7285662115
14.5240997715 13.0478034752 1.0691691959 -9.2873788115 15.6822429907 53.4980820802 -95.6170847292
-1.5913430936 -16.1154428651 1.0332580429 -3.5911153036 13.9282705281 50.9069101689 -34.3305984901
-8.265847348 -6.6745042544 1.4622860367 42.9027993767 15.3796653797 36.4472656913 -19.8916883006
1.2662774401 9.5321247881 1.2001224029 -26.2163633744 7.5495627795 38.6740894124 -66.2614107932
-13.4849433201 -14.7512207602 1.2590753226 5.8952919668 18.3959774426 16.7351233918 -60.7002262652
11.1080509676 24.5929942877 0.764243905 -49.4831417547 13.5237471619 31.1777951277 -121.997353817
-2.4475600954 -13.555611063 0.5591959558 -20.5047949269 7.7323877411 27.3713749052 -91.2603116328
9.6613411846 12.1089012799 1.3075408222 74.8344866413 16.6962872007 42.0256401552 -81.7097982672
1.5622872703 -8.0990539143 1.0106101453 -29.6930676883 7.5622566568 44.7910655487 -36.8937566905
0.9383692483 -0.623918022 1.3370212152 32.6411069942 8.9136125654 46.3751881146 -16.9068035898
12.6218491859 11.6834799376 1.4040276327 6.7006417496 14.9986609378 67.8841780101 -14.4474024188
0.6450319568 -11.9768172291 1.0604399071 -34.3587725622 6.6026564624 69.1220566437 61.3751879934
-5.3884638367 -6.0334957935 0.6947276251 -36.5712282045 8.7134502924 62.2256865332 100.7874878898
-8.1158902015 -2.7274263648 1.4715849985 77.6857373417 21.5061602838 49.3365878082 90.975056957
-3.3719174635 4.743972738 0.7636437913 -70.7941207193 9.6064516129 50.8780495022 5.1124078545
3.514339282 6.8862567455 0.9266653311 16.3021539826 12.1986934747 62.1579900764 8.7399855229
-11.3868808568 -14.9012201388 1.7998343204 87.3168989306 23.8410817239 36.6488608573 -9.6552081261
3.7858416171 15.1727224738 0.8865949896 -91.3239330795 11.4090915534 40.5110626363 -96.8596405337
3.3454545455 -0.4403870716 0.6542236328 -23.2371356871 5.9931412894 48.6479000035 -75.3281862274
-5.1724137931 -8.5178683386 0.952630135 29.8406502242 12.3456187454 35.9232713549 -26.6864409434
0.4592669536 5.6316807467 0.8172926156 -13.5337519361 7.7347368421 37.0468474083 -83.165270596
-19.2592592593 -19.7185262128 3.5402900839 272.2997468223 33.2860760989 22.9081707856 -62.5362812547
0.8146788991 20.0739381583 3.5577902231 1.7500139225 22.6270011129 23.9989190783 -219.0687469913
-0.0966042688 -0.9112831679 2.1199378721 -143.7852350968 12.1519008654 23.6697292782 -205.5146579493
4.6989051095 4.7955093783 1.3998442056 -72.0093666491 12.1661721068 29.9710116445 -147.7202777641
11.5459694989 6.8470643894 1.1449731528 -25.4871052839 12.8750286281 46.2450253034 -128.4601158862
-9.9204675073 -21.4664370062 1.592985226 44.8012073215 14.3345989781 30.6465877266 -62.6429973182
-6.6782307025 3.2422368048 1.5843921121 -0.8593113895 16.9881690046 21.1885225765 -86.6441815663
0.3643122677 7.0425429702 1.3012457602 -28.3146351923 13.1064128432 21.6700240751 -112.1003790687
5.1013510385 4.7370387709 0.9090169693 -39.222879089 9.2519770105 28.4356114578 -104.2320819547
-1.5392070485 -6.640558087 0.6907905259 -21.8226443409 7.1544853315 26.2897361568 -77.0367222205
-0.8556331417 0.6835739068 1.1001452355 40.9354709558 11.4386326548 25.3326919994 -63.277719643
3.6252141762 4.4808473179 0.6129202396 -48.7224995871 6.9296137339 30.4525728456 -69.1668283586
3.3043478261 -0.3208663501 0.5431674038 -6.9752835737 6.8278340412 39.0405225529 -49.3480906478
-5.2946127946 -8.5989606207 0.4630130944 -8.0154309472 6.9770354906 34.2768754834 -17.8926117045
-9.0008088817 -3.7061960871 0.8351787988 37.2165704432 12.4544586325 20.2656015639 -34.5630509592
0.5386119257 9.5394208074 0.5810733795 -25.4105419261 6.9615760901 21.0677991809 -93.4725251272
-10.3118102887 -10.8504222144 1.1103967198 52.9323340292 15.3266569908 8.1236779487 -111.1864119626
-3.810387966 6.5014223227 1.6075722367 49.7175516862 13.4051891892 13.1356564251 -157.7091956477
3.6845361731 7.4949241391 0.8711768302 -73.6395406453 13.1321512381 18.79996461 -212.7440848512
-11.0342871056 -14.7188232787 0.9539991886 8.2822358324 15.3501280956 4.0318037975 -169.738964531
-15.1589427371 -4.1246556315 1.8417186609 88.7719472314 20.9691272606 4.5532603825 -180.9703921184
10.2672620875 25.4262048246 2.9106315959 106.891293502 23.8384107642 23.27274725 -212.1106903329
-0.731807363 -10.9990694505 1.6967890448 -121.3842551098 15.644053799 22.5241900608 -173.5252159412
2.4347940518 3.1666014149 0.0417599138 -165.5029130962 3.4664711882 25.1304763072 -120.8581085944
11.4766556695 9.0418616177 0.5885040687 54.6744154837 10.8503089952 37.8069274643 -104.7408063488
-1.726752749 -13.2034084186 1.4358957867 84.7391717996 10.4324172879 37.2654155496 -65.4599289221
-5.5086776525 -3.7819249035 1.2941692766 -14.1726510028 9.6206573868 33.0537044422 -51.3772636955
10.406730309 15.9154079615 1.2046642434 -8.9505033277 10.4127266659 46.4925472334 -66.8219526493
-4.0784005391 -14.4851308481 1.0106857606 -19.3978482748 6.6927374302 40.6773553449 -37.0834568889
10.7182399413 14.7966404805 1.1497969768 13.91112162 10.080509189 55.2528111032 -34.4226265219
5.8213879818 -4.8968519596 1.436626 28.6829023129 8.9828269485 64.0630430222 -0.5690490859
1.5908568229 -4.2305311589 1.0186616088 -41.7964391125 6.3680570355 66.6239055476 45.1190504379
8.6982207737 7.1073639508 1.0899100237 7.1248414869 9.2558983666 80.7094502073 66.705453898
-5.9432039495 -14.6414247232 1.54088314 45.0973116318 10.5907397552 73.3622985143 123.2798879539
7.4987951807 13.4419991302 0.9715930727 -56.9290067312 8.7084444444 97.0725587231 122.8619727814
0.4835338339 -7.0152613468 1.1253671704 15.3774097696 5.8153741727 89.8893707041 141.1941019967
-6.7663531366 -7.2498869706 1.5376989401 41.2331769735 9.7664543524 76.695431551 158.4842633286
-6.0155187278 0.7508344088 1.457089948 -8.0608992124 11.4731007738 65.8665154969 98.562006368
3.2137781378 9.2292968656 1.2202511948 -23.6838753235 8.2875898419 71.3964248123 59.7438042131
-4.3084591847 -7.5222373224 0.8465169295 -37.3734265302 10.9078784415 63.8525127074 48.854362825
-1.0780328248 3.2304263599 0.5820755921 -26.4441337373 5.8109068752 62.0462531045 33.4184210113
7.653806048 8.7318388727 0.7421877843 16.0112192182 10.4774853269 74.7320683237 11.4181529634
2.4028679392 -5.2509381088 0.7021953604 -3.999242384 6.890524379 73.7488648595 36.0713961208
-2.4328486532 -4.8357165923 0.7294655829 2.7270222479 7.190484772 65.3718280647 65.6141494597
5.7565662044 8.1894148576 0.5743586316 -15.5106951316 7.4174532567 78.6671659108 66.1434302811
1.058278558 -4.6982876464 0.5444331913 -2.992544032 3.8392857143 81.5985830663 75.6419619949
3.8545158076 2.7962372496 0.49917247 -4.5260721275 4.5824670825 92.0802469288 95.3286822181
0.4404902089 -3.4140255987 0.417190087 -8.1982383057 4.4530912235 92.7404232521 120.6466814932
-0.5297438124 -0.9702340213 0.3765014862 -4.0688600754 2.5192143467 90.3347889374 116.1889789675
-6.4469663902 -5.9172225778 0.7527964999 37.6295013696 7.852466172 67.1226560098 129.293705488
-7.5257780059 -1.0788116157 1.3106524525 55.7855952601 13.8516377649 25.2946798343 46.2060351225
-6.4415741675 1.0842038384 1.066280197 -24.4372255498 10.2881473413 7.7637564197 -78.0174061306
-0.432391252 6.0091829155 1.656582658 59.0302460955 11.4877789586 25.9762800116 -150.2860953438
-4.9813651138 -4.5489738617 0.9338646499 -72.2718008044 8.6715489989 12.7630893839 -175.2288145028
8.7038865616 13.6852516753 1.1478905446 21.4025894692 13.2443531828 34.8443737345 -147.0261595819
-4.2190910645 -12.9229776261 1.0887058 -5.918474456 11.2134033379 23.2091408736 -105.6744198959
0.2043511686 4.4234422331 1.0441011509 -4.4604649152 6.8714376187 24.2827565809 -94.2854464385
-10.729114765 -10.9334659336 1.3399254832 29.5824332283 15.3581935722 7.0797853911 -96.133493889
0.6961135189 11.4252282839 1.4433044609 10.3378977725 9.2526690391 14.5561576355 -140.2446764314
0.2307977935 -0.4653157255 1.0786708822 -36.4633578707 8.2636989006 15.0246305419 -145.2451986243
-5.2687651332 -5.4995629266 0.922782444 -15.5888438193 7.5057913763 4.3054187192 -116.3479162122
4.6776525081 9.9464176413 1.6470666085 72.4284164546 11.9676822084 19.780993619 -121.0809276692
5.01892783 0.3412753219 1.4805843179 -16.64822906 7.0857404112 29.1248860529 -108.0869091256
3.6645681622 -1.3543596678 1.1629788107 -31.7605507232 8.5082872928 36.1891522334 -69.5909514164
-0.2801359378 -3.9447041 1.0176026802 -14.5376130531 4.6465025101 35.6198723792 -48.0621482845
-1.8224342193 -1.5422982815 1.0148072677 -0.2795412511 6.9769230769 31.9257064722 -32.0892206268
2.0416284404 3.8640626596 0.9787254298 -3.6081837829 7.1837467729 35.9168185962 -40.1111105247
-3.9467118601 -5.9883403005 0.8485751149 -13.015031495 5.6550314168 27.9138559708 -41.0347971102
-0.7161904762 3.2305213839 0.679135285 -16.9439829937 3.5073271164 26.1656791249 -36.5549113165
-3.9658140243 -3.2496235481 1.0146717887 33.5536503739 8.0316950659 19.6523106702 -49.4933562522
-4.1640132674 -0.1981992431 0.8482600488 -16.6411739861 5.9146001553 13.2376292983 -92.7488251154
1.9728022926 6.13681556 0.607460094 -24.0799954867 4.6984831669 22.589124955 -122.2234747068
-10.8079956726 -12.7807979652 1.2783883491 67.0928255152 12.964137931 5.0556861628 -108.4422894703
-3.5250262335 7.282969439 1.5456381094 26.7249760308 9.4938175615 7.3014917386 -180.6449575655
1.2232026946 4.7482289282 0.8444823705 -70.115573897 6.1793957383 9.8459003035 -201.9181651763
-1.5745449292 -2.7977476239 1.0181625464 17.3680175983 8.7940675009 11.0732375798 -168.2328774276
3.566558687 5.1411036162 0.740563143 -27.7599403447 5.0526315789 20.5650459921 -170.4144380304
4.8307113422 1.2641526552 0.879308752 13.8745609047 6.7684840426 33.5841558245 -126.2905057382
-8.2254250723 -13.0561364146 0.9964455471 11.7136795078 9.7006807117 13.3272175929 -77.4200177545
-0.3728609055 7.8525641668 0.9320605503 -6.4384996866 4.8581570559 12.4047600846 -101.7503089052
-2.4905465288 -2.1176856233 0.6554797017 -27.6580848576 5.1094890511 6.2391472911 -108.6833210647
4.459818311 6.9503648398 0.7756631527 12.0183451067 6.8418670438 16.9566182868 -102.5971884897
1.7719455727 -2.6878727382 0.5324754828 -24.3187669932 3.2230385434 21.4050913539 -75.3653261481
-3.2565781967 -5.0285237694 0.884043987 35.1568504203 7.9888656924 12.840142555 -56.4336036425
0.9194063304 4.1759845271 0.5874078554 -29.663613166 3.3962264151 15.0672913459 -63.6666036661
1.6701366755 0.750730345 0.6463807456 5.8972890296 2.904148784 19.6176029963 -65.4071275279
13.9380308264 12.2678941509 1.7870382858 114.0657540137 15.838661646 58.0945154575 -50.3256892928
-0.5752878648 -14.5133186912 1.4663238598 -32.0714425993 6.089715172 56.3205509835 35.3675636385
1.5427522507 2.1180401155 0.8209484343 -64.5375425541 4.593207916 70.0497801192 99.9391465703
4.3853073463 2.8425550956 0.7230901407 -9.7858293592 5.1072775027 92.3310102691 118.6308686498
-3.4727417005 -7.8580490469 0.9688056221 24.5715481484 6.5565981708 81.7648059054 156.1919239262
-2.2306482891 1.2420934114 0.8504524292 -11.835319291 4.2612280852 72.7677365794 129.1258564794
3.5742165719 5.804864861 0.7079587011 -14.2493728094 4.4731758784 87.1700491113 105.4045392736
1.272450786 -2.3017657859 0.7385655178 3.0606816661 2.6036644166 92.4212568891 108.2739448949
7.0479970606 5.7755462746 1.1434831363 40.49176185 8.4312430011 97.0792 108.0191673207
0.7138403004 -6.3341567602 1.169509186 2.6026049661 5.2019922524 95.4053742802 137.7470252795
-1.4389852961 -2.1528255965 0.8467898818 -32.2719304161 3.2479849058 90.2177514793 138.1657947077
1.6880840457 3.1270693417 0.7455820151 -10.1207866653 2.6711185309 96.01617357 122.1033233135
7.6784195209 5.9903354753 1.3585503097 61.2968294506 8.3137310516 96.5639227362 111.8951776229
-7.7863927077 -15.4648122287 2.3675143522 100.8964042545 10.5516290259 72.7030940359 146.0379265768
4.4646048079 12.2509975156 1.1907602594 -117.675409279 7.0465904842 84.8513108086 111.1037525498
-3.7949591185 -8.2595639264 1.0023000422 -18.8460217207 5.3858435338 73.3902834059 99.118526167
4.8528661242 8.6478252427 0.92929112 -7.3008922233 5.9133511819 86.92144994 89.7234915035
0.7595207531 -4.0933453711 1.0020719172 7.2780797202 4.2502437174 89.176262854 94.7081613295
-1.8161757835 -2.5756965366 0.9144968203 -8.7575096824 3.5274627219 83.4458828154 101.7947553731
-1.8876250404 -0.0714492569 1.0542334534 13.9736633052 4.8491781265 77.181746458 84.082603708
1.9441149625 3.8317400029 0.6570396758 -39.7193777618 3.2132067328 83.0280247429 51.755531499
5.4303667571 3.4862517946 1.0250091943 36.7969518485 6.8630637952 95.5492424242 62.9289837976
-0.3693333333 -5.7997000904 0.7749964637 -25.0012730597 3.1453585133 93.6081612586 118.2395530592
1.5441630636 1.913496397 0.6779394331 -9.7057030598 3.373253493 92.891643124 126.2101892865
-2.078063745 -3.6222268086 0.7542218723 7.6282439239 5.5463390171 83.5509887907 140.0172692579
-3.0640656991 -0.9860019541 0.9316815744 17.7459702138 5.2496111839 70.154014399 107.6196559886
-1.894714362 1.1693513371 0.7025022471 -22.9179327352 4.3813121986 61.3178438662 55.598054346
1.4382218348 3.3329361968 0.707743065 0.5240817927 4.5260915868 63.4020618557 13.092825463
-3.306122449 -4.7443442838 0.6920695171 -1.5673547876 4.5249022897 44.7721266909 -3.3392157272
-6.6895795588 -3.3834571098 1.3598038355 66.7734318315 7.4948984119 3.5139964264 -39.9280606778
0.7137809692 7.403360528 1.1229957343 -23.6808101116 5.7116555336 16.7616497054 -186.6536932052
2.4101403585 1.6963593893 0.7047226056 -41.8273128711 5.3102919428 28.2115693626 -210.401247613
-0.1886007712 -2.5987411297 1.0282411065 32.3518500828 6.7904355748 27.3347616497 -155.0749116787
-2.32438416 -2.1357833888 0.7830713815 -24.516972494 5.1770938793 16.5506159614 -129.2294000194
-1.5599149137 0.7644692462 0.9357081089 15.2636727396 4.7713242224 12.7512274199 -118.3345402721
-3.4638655462 -1.9039506325 0.7788999727 -15.6808136197 5.7301512287 3.0602645762 -146.9512364803
2.5002425729 5.9641081191 0.7320044844 -4.6895488311 4.3672286815 15.5547649542 -142.7874019251
-0.0548676197 -2.5551101926 0.5457019079 -18.6302576465 3.5165895981 15.2549689294 -123.5096817769
3.5645880423 3.619455662 0.6552093429 10.9507434939 5.1701707515 29.176984014 -96.0681201913
-1.7090478798 -5.2736359221 0.7242969851 6.9087642242 3.3775396117 22.263649732 -62.8307063672
-4.8859589192 -3.1769110394 0.8252499497 10.0952964582 5.5364289813 3.0933067691 -57.9361440486
-5.9566610506 -1.0707021314 1.4997894178 67.4539468055 7.5561199716 2.9653179191 -90.7366561446
0.9738801245 6.9305411751 1.313243528 -18.6545889742 5.9986573066 11.1884809717 -138.093485039
-1.6095812239 -2.5834613484 0.913361949 -39.9881578972 4.4630076279 6.9019001021 -149.9263608528
-1.6498614052 -0.0402801813 0.6628568938 -25.0505055281 4.1994750656 2.4776082959 -149.3615725852
0.0680392692 1.7179006744 0.6461206992 -1.6736194583 2.2822972973 4.3879344006 -145.2706799786
-3.2700684972 -3.3381077663 0.9652747006 31.9154001462 5.0958719914 1.6950134013 -142.5962263796
5.1033948443 8.3734633415 1.3933232059 42.8048505244 6.724801061 18.1333265599 -142.1581646935
-1.2321939802 -6.3355888245 1.1060433413 -28.7279864549 4.0758356454 14.5209701249 -105.90711055
1.3944598195 2.6266537997 1.0497019073 -5.6341434089 4.8251721003 22.7870050659 -85.4953494636
0.4809612813 -0.9134985383 0.9934174332 -5.6284474083 3.3253379422 26.4238998614 -62.9504989494
1.5825002227 1.1015389414 0.9595457216 -3.3871711581 3.3820818388 32.8677234927 -57.7628443995
1.01416691 -0.5683333127 0.9857918695 2.624614792 2.3975527471 36.8865861053 -38.7193972488
-2.9459727829 -3.9601396929 1.1770103737 19.1218504149 4.0463783355 24.8516726508 -16.7656744224
1.8431948711 4.789167654 1.1488015407 -2.8208832988 4.1863457079 37.5654325688 -34.6995976975
0.4222042734 -1.4209905977 0.9850377718 -16.3763768829 3.0127289258 39.7125725707 -32.678180155
0.4216070685 -0.000597205 0.9036920476 -8.1345724208 1.8673535093 41.7581929507 -17.3965376715
-1.1395018645 -1.561108933 0.8412356782 -6.245636947 2.239241903 36.1974556645 7.5181190279
-1.4692034132 -0.3297015487 0.6876998171 -15.3535861039 3.0450365566 29.1094825672 -5.5293208826
-9.7005631543 -8.2313597411 1.863252993 117.5553175841 11.5983891571 7.2081115336 -17.5282167575
1.5816703622 11.2822335165 1.166004117 -69.7248875931 4.5073678128 14.6353997922 -245.5628802542
-4.9767171129 -6.5583874751 1.216971695 5.0967577975 6.6106862917 5.9490262383 -255.2547974188
-3.6327718224 1.3439452906 1.5464426679 32.9470972888 7.6787977548 10.4375873046 -243.2177422461
5.453869355 9.0866411774 1.4687653605 -7.7677307406 6.8452380952 31.0130035192 -237.9200320607
-3.7623499888 -9.2162193438 0.9630649143 -50.5700446174 4.5652545653 16.200142685 -152.780080043
1.6296212702 5.391971259 0.7028115364 -26.0253377924 3.6454268293 21.9003483193 -136.3489787991
-0.5073659853 -2.1369872555 0.6226421162 -8.0169420239 2.5349710048 19.8398091139 -117.9851743333
4.1650760545 4.6724420399 1.0099734457 38.733132957 6.0988640612 35.598107925 -97.425118383
0.4443192841 -3.7207567705 0.7810170145 -22.895643123 2.758654962 37.3217186947 -68.6917734885
0.3191394659 -0.1251798182 0.857470057 7.6453042546 3.8933701811 38.5387377774 -47.6435618626
-0.6560494203 -0.9751888862 0.8331730588 -2.4296998231 1.8017660044 35.9805996367 -47.5174157448
-10.01371007 -9.3576606497 1.7168876963 88.3714637446 12.1032615233 6.7492972828 -40.8118157098
1.7211607166 11.7348707866 0.841139463 -87.5748233285 4.0178913738 12.3699638603 -103.1906032158
-0.2115454034 -1.93270612 1.5011348049 65.9995341917 8.1440301607 19.2044665012 -110.2175921558
1.8581122362 2.0696576396 1.210046371 -29.1088433859 4.5359055118 24.9131513648 -118.6782331806
-2.8985924504 -4.7567046866 0.5918836686 -61.8162702443 3.7869826259 15.9196029777 -87.8788262653
1.1183849361 4.0169773865 0.594384699 0.2501030393 3.5446649102 19.0436724566 -99.4184342462
-4.5764035255 -5.6947884616 0.9541886317 35.9803932765 5.6052071842 5.3227540312 -100.4976663195
5.9290618201 10.5054653456 1.0462204383 9.2031806567 8.253968254 23.1605290644 -127.0701264382
3.1002336268 -2.8288281933 1.1441651188 9.7944680459 5.2528798482 36.7490942913 -86.4994470558
-0.5362161012 -3.636449728 0.8501693368 -29.3995781989 2.9507565525 51.7755972696 -6.4973242099
4.0005848303 4.5368009314 1.1296916792 27.9522342406 6.1836948392 75.8686903228 -5.9098418313
-1.5332661153 -5.5338509456 1.2063012701 7.6609590951 3.2389379206 69.9672083097 52.8790589835
1.1667928632 2.7000589785 0.7442934471 -46.2007823022 5.0672668211 76.6647736641 56.4878402521
-0.8553601608 -2.022153024 1.1452133985 40.0919951412 3.8538438617 71.3723047612 70.8819333769
1.2341481345 2.0895082954 0.9520543165 -19.3159082032 3.3622419358 78.7531829923 55.9344762974
2.2268483568 0.9927002222 0.767569094 -18.4485222501 4.5361211823 92.2362467254 51.9150465176
-0.6127211452 -2.839569502 0.7831742334 1.5605139365 1.6601769912 88.1253778372 84.6651442177
-0.744625378 -0.1319042328 0.8601172138 7.6942980473 2.790625193 83.5473647572 88.812338614
-5.4912513996 -4.7466260215 1.2358802602 37.5763046417 6.2565484209 51.2011309167 82.7413210703
1.2888861362 6.7801375358 0.9026896161 -33.319064411 1.9826724945 58.799243559 8.8628142579
-1.9990373263 -3.2879234626 0.9790878137 7.6398197531 4.863109456 46.8628295386 -3.639272995
-0.5891480308 1.4098892955 0.852663383 -12.6424430676 3.7795275591 43.4925479329 -43.1203286047
0.6021333737 1.1912814045 0.5751239511 -27.7539431915 2.4782951855 46.9957684242 -48.356617019
1.6335247724 1.0313913988 0.7806145396 20.549058856 2.6520719312 55.1947676659 -43.7702148122
5.8103758961 4.1768511236 1.2646650288 48.4050489124 6.1787678034 90.8674963397 -21.8008346017
8.836543796 3.0261678999 1.7681163945 50.3451365712 10.9378912008 91.0271819253 69.4435221322
0.8809091704 -7.9556346256 1.9119592266 14.3842832129 4.7798652624 88.5967435069 223.151766664
1.142391911 0.2614827406 1.2659750714 -64.598415524 4.0426172211 93.2597008982 262.4292507944
-1.7583674081 -2.9007593191 1.4014231004 13.5448029005 5.5454545455 77.7625766871 224.3010889494
0.8355741148 2.5939415229 0.8665536221 -53.4869478304 3.3179727209 81.5202453988 177.1334647372
-0.0602763794 -0.8958504941 0.9062635662 3.9709944105 3.256224942 81.2754601227 132.9354395195
4.411625498 4.4719018773 1.2580791186 35.1815552438 5.8470573216 93.6477595009 123.472836303
8.7492958111 4.3376703131 1.8080199059 54.9940787258 9.3094508602 96.3261589404 132.3635603227
-2.6389623257 -11.3882581368 1.3756452221 -43.237468377 5.2023311983 86.9463243826 175.4179155813
-3.1267315179 -0.4877691922 1.2094124514 -16.6232770717 5.5994150816 76.390408668 151.9938388996
3.3910353535 6.5177668715 1.1987458337 -1.0666617694 5.7936028968 87.480231401 111.5058729484
0.4453769095 -2.945658444 0.7006521106 -49.8093723045 2.1771555101 88.9861547546 105.8065588595
-0.170698258 -0.6160751675 0.6809219725 -1.973013815 2.164202587 88.406413491 103.4261883623
-0.4514680934 -0.2807698354 1.0603022814 37.9380308919 4.9196180346 86.8753019486 96.6804306227
-5.3903859804 -4.938917887 1.2882069222 22.7904640841 6.6870415648 68.5833089022 80.7275171313
-1.694617273 3.6957687074 1.1068778684 -18.1329053828 4.1290322581 63.3660504507 49.1407952618
-0.9785423311 0.7160749418 0.964935562 -14.1942306422 3.2912811014 59.4394085071 13.6325467756
-1.4208626163 -0.4423202852 1.128047872 16.311230999 3.4159151194 53.6259005865 1.3517155725
-5.4292409748 -4.0083783585 0.8863094927 -24.1738379291 7.5893851879 34.612177182 -32.8784822068
0.2047122331 5.6339532079 0.7905770713 -9.5732421353 2.9278392975 32.0995479719 -92.6633497181
-1.2723175199 -1.477029753 0.7904839441 -0.0093127288 4.7346368715 15.370733749 -128.1777617267
-3.0993511175 -1.8270335976 1.1226046275 33.212068348 6.7192879899 2.7478770646 -129.0600791538
-6.4819815999 -3.3826304824 1.4972404368 37.4635809281 8.9048045537 6.8389923885 -138.455867824
3.923434772 10.405416372 1.2765065913 -22.0733845476 6.7072738007 17.1730476154 -187.5075651561
-5.9080001041 -9.8314348762 1.4405751466 16.4068555265 8.3561439686 4.7708669657 -150.8653389293
1.369847417 7.2778475212 1.1093452358 -33.1229910817 7.9685573366 10.3678637877 -151.0846425227
1.3785345236 0.0086871066 0.890079319 -21.9265916822 5.2886918097 13.3820221599 -130.015806416
-0.9861204459 -2.3646549695 1.2482577457 35.8178426739 6.1109243697 10.923249642 -105.866980516
-0.9629896371 0.0231308088 1.1707933294 -7.7464416332 5.9249671617 11.7958319454 -94.0888405466
1.2779408152 2.2409304523 1.6015709695 43.0777640136 6.610531094 15.8952904516 -104.3184156622
0.7418674694 -0.5360733458 1.0966099107 -50.4961058809 4.2345679012 17.8814749162 -73.0544373582
4.2509499683 3.5090824989 1.300521678 20.3911767282 4.5497342445 29.1773486132 -69.0011684867
-2.9043751064 -7.1553250747 1.1666572597 -13.3864418274 5.0151057402 21.0378089136 -47.0240868187
1.4021690806 4.306544187 0.9518711182 -21.4786141494 3.6844519187 24.969912244 -47.5111755611
-3.4378845023 -4.8400535829 1.0352858886 8.3414770413 4.7473200613 16.2973913043 -40.9032131786
3.6634138538 7.1012983561 0.8695247472 -16.5761141418 4.0756923077 32.0855614973 -51.7968442511
-1.8378143142 -5.501228168 1.6313716589 76.1846911681 9.1730669201 26.2858985712 -35.4838817716
2.5530563907 4.390870705 0.8109075547 -82.0464104166 3.5686537459 38.8560240964 -8.7245008492
2.4006130268 -0.1524433639 0.7730153262 -3.7892228497 4.2304832714 49.6429920548 -1.8408532245
0.697773883 -1.7028391438 0.3870849506 -38.5930375679 2.0384445426 66.690625 61.7820587871
-0.4995812072 -1.1973550902 0.4105981213 2.3513170716 3.0592138763 64.0625 123.7366711374
3.1140298507 3.6136110579 0.7808973086 37.0299187296 4.2361440298 80.9659493412 125.1801915778
2.4445293792 -0.6695004715 1.0083280609 22.7430752306 3.8542396636 95.3075697211 202.6502427223
-0.646884273 -3.0914136522 0.912622068 -9.5705992854 3.1045121751 91.7306772908 228.9831184756
-0.6877371783 -0.0408529053 0.9522474019 3.9625333853 3.9472622434 88.035059761 182.1928382419
0.377531912 1.0652690903 0.8750972978 -7.7150104021 2.8353787558 90.1362549801 129.0478608315
2.6928304815 2.3152985695 0.8783138058 0.3216507975 3.6599312715 94.6243727599 123.8651943244
1.3946958788 -1.2981346027 0.8655806219 -1.2733183968 2.9739498601 97.0357228155 145.9113983011
-0.5338263489 -1.9285222278 0.7152422481 -15.0338373724 1.998424699 94.3751066225 146.4387339259
1.3225939694 1.8564203184 0.7949831784 7.9740930267 2.4673414305 95.8849332332 130.882426859
-8.9556396546 -10.278233624 1.4911521838 69.6169005353 9.6697443662 41.0494852209 127.7705655996
-2.7064759223 6.2491637323 1.3944821099 -9.6670073888 6.8401486989 24.874789916 31.3789894603
-1.8613315656 0.8451443567 0.8917623895 -50.2719720326 3.4229828851 14.7512605042 -68.8920486392
-3.2911998049 -1.4298682393 0.891067754 -0.069463551 5.6653288052 5.7005388761 -87.9486219405
1.0630454676 4.3542452725 0.8710784438 -1.9989310208 4.6494333178 10.7628945343 -120.0723323179
0.9554944932 -0.1075509744 0.7738638024 -9.7214641414 2.4000702858 15.4734411085 -113.7972812404
-0.2705961194 -1.2260906126 0.7984326988 2.4568896366 3.658963148 14.1578137028 -105.2581742533
0.7249324646 0.9955285841 0.8014251138 0.2992415063 2.6356918239 17.5227097768 -102.2293244272
2.3468830755 1.6219506109 1.043563141 24.2138027191 3.0237184392 28.974595843 -95.8030232046
-0.1658602304 -2.5127433059 0.9560082368 -8.7554904189 3.0276431703 28.1470361817 -60.0123633162
0.5918201287 0.7576803591 0.6345586178 -32.1449619024 1.512767594 31.0977675135 -49.788931095
-0.1528789125 -0.7446990412 0.688542704 5.3984086144 2.3697931834 30.3310238645 -40.685868969
-3.8674908617 -3.7146119491 0.9103937375 22.1851033565 5.0940947437 10.5996920708 -45.7664930998
1.4044543736 5.2719452353 0.8383443285 -7.2049409037 2.5824726135 17.3556581986 -65.974563906
0.8758930558 -0.5285613178 1.017316006 17.8971677554 6.0558172361 21.623556582 -63.1232281747
1.5644555695 0.6885625136 0.661200022 -35.6115984039 3.2874617737 29.3302540416 -53.927889354
4.1130622304 2.548606661 1.3869963716 72.5796349611 4.3311136855 49.8860662048 -28.6149738826
-0.5320305784 -4.6450928089 0.7743011696 -61.2695202045 3.1002934627 47.117013087 29.9955512064
-0.2238567317 0.3081738468 0.810192099 3.5890929444 1.8632250233 45.9584295612 58.0676788201
-1.8700395568 -1.6461828251 0.9471425527 13.695045365 2.5705794948 36.2117013087 76.4011432095
-2.034211462 -0.1641719052 1.0811435801 13.4001027427 3.933621 26.1634144445 71.9709635352
0.3104679362 2.3446793981 0.927405769 -15.3737811083 2.7186683725 48.6408527121 3.8514512638
3.4213895211 3.1109215849 0.9522223938 2.4816624776 4.6814814815 79.4101891406 13.7542056833
-0.8153538881 -4.2367434092 1.2305157124 27.8293318593 4.0194869989 71.9173660426 93.0467646397
-0.5757711867 0.2395827014 0.8727902952 -35.7725417143 2.5833333333 66.1117550941 101.54580408
0.4381856598 1.0139568465 0.808854879 -6.3935416256 1.9363554488 70.3280588802 42.4497967859
-0.2257578204 -0.6639434802 0.6048745175 -20.3980361505 2.3562003813 68.2387609458 57.8195721387
-1.27397882 -1.0482209996 0.8439637535 23.9089235997 2.1987951807 56.2532296133 45.291166452
-0.241963042 1.0320157779 0.8541929142 1.0229160777 1.8170713086 54.048014748 13.6455026625
1.2869411875 1.5289042295 0.6137431905 -24.044972374 2.0828002276 65.7500384062 -24.7182607179
0.6669002942 -0.6200408933 0.5053396804 -10.8403510099 2.2983425414 71.596162172 27.5094715379
-0.6236013051 -1.2905015992 0.3484397134 -15.6899966969 1.2664261013 65.8170747036 52.1454095997
0.2853054072 0.9089067122 0.5695151312 22.1075417729 1.7319277108 68.7485161236 35.0035593636
0.8729815608 0.5876761537 0.780267533 21.0752401863 1.9149443088 76.81382065 22.0353892414
-0.2457661535 -1.1187477143 0.5265644148 -25.3703118233 1.1724090478 74.5234138234 69.0320394171
-0.3856282496 -0.1398620961 0.550141765 2.3577350188 1.95121585 59.5295994397 57.0351583674
-5.6940881209 -5.3084598713 1.7722644994 122.2122734377 6.4655588249 7.5201488889 2.7913844836
0.7244858629 6.4185739838 1.0611533033 -71.1111196085 2.3742138365 14.6696528555 -233.2622396956
0.5546205144 -0.1698653485 0.6991712349 -36.1982068351 0.9445232467 20.9790095113 -237.2792046745
0.1013750371 -0.4532454773 0.5840722815 -11.5098953385 1.6832917706 22.0301738275 -168.8777504712
6.5173977102 6.4160226731 3.5211830505 293.7110768922 17.96875 37.1186440678 -120.5389634211
0.1002591633 -6.4171385469 0.9739746812 -254.7208369273 3.3333333333 37.5776271186 224.7787024749
-0.3233886756 -0.4236478389 0.9515450097 -2.2429671522 1.9836678843 36.3315254237 128.4649853888
-1.7814189325 -1.4580302568 0.7268639019 -22.4681107713 3.3696291936 28.0650847458 99.6447470242
-1.3609388786 0.4204800538 0.7820537919 5.5189889993 1.8823309978 21.9579661017 50.157157047
0.911641813 2.2725806916 0.7375467802 -4.4507011748 1.6939548027 25.993220339 -6.778066045
0.0666593782 -0.8449824348 0.2538989752 -48.3647804968 1.2590224943 26.1091525424 -3.3515972155
-0.1353541362 -0.2020135144 0.6496934615 39.5794486324 1.5624341015 25.5050847458 20.9571661709
-0.4207439373 -0.2853898011 0.5689586545 -8.0734807071 1.2062168309 23.6277966102 4.1577950068
0.1829553934 0.6036993306 0.5058932768 -6.3065377705 1.2438914027 24.4406779661 -16.9247928394
-0.5896317999 -0.7725871933 0.4454525909 -6.044068588 1.0994526311 21.9044067797 -0.1881744683
0.1608423852 0.7504741851 0.4118275781 -3.3625012744 1.2877272727 22.6189830508 -26.1155028311
-0.5051516908 -0.665994076 0.3402581205 -7.1569457635 1.4532618723 20.3796610169 -14.4272539796
-0.2408694048 0.264282286 0.2567186271 -8.353949339 0.939029838 19.3172881356 -37.47363082
-2.2408562188 -1.999986814 0.6429627473 38.6244120218 2.9209793682 9.4576271186 -46.3467944635
-0.214831744 2.0260244748 0.4142588582 -22.8703889104 1.2195465207 8.533559322 -93.6571901244
0.6622422397 0.8770739838 0.5756847869 16.1425928694 2.8466085874 11.3172881356 -102.2571935601
0.6355266959 -0.0267155439 0.472059091 -10.3625695915 1.4588717376 13.6641740313 -100.6895054764
0.3741029641 -0.2614237318 0.5327932592 6.0734168225 1.1166594947 13.1681277788 -79.5221536197
-0.7105770427 -1.0846800068 0.4301160991 -10.2677160165 1.4746963107 9.9004864179 -70.6743645771
1.5317783344 2.242355377 0.6082789892 17.8162890134 2.5440613027 16.782812304 -95.5492178828
-0.2599505076 -1.791728842 0.6704401183 6.2161129125 1.1280073919 34.19493725 -46.8232308711
0.7747731872 1.0347236948 0.9558535834 28.5413465021 1.3187247275 48.4172407702 -31.4233152694
0.8543968553 0.0796236681 1.2154634587 25.9609875323 1.6046499324 60.5176231442 1.46706343
-1.4991350559 -2.3535319112 1.1581168666 -5.7346592095 1.9074916591 56.0590145149 70.0717033005
-0.9236339169 0.575501139 1.0644575864 -9.365928022 1.8508706863 41.7709129106 23.5161019328
0.2034271081 1.127061025 0.7209343964 -34.3523189943 0.9968265244 44.8887509549 -41.450836511
0.2276555672 0.0242284591 0.7632573817 4.2322985298 1.657964699 51.9797959287 -36.2662215047
0.0365851201 -0.1910704471 0.977963961 21.4706579312 1.1697706634 54.0417684036 -48.8428703799
0.092689036 0.0561039159 1.1587895266 18.0825565538 1.6443521083 55.2340381319 -5.350657143
-8.3073488384 -8.4000378744 4.5716076402 341.2818113648 12.7408666572 27.7100638644 -8.0314404747
-2.7682011762 5.5391476621 3.983798489 -58.780915123 9.0262882311 28.8826718824 -396.0707043086
-1.7569640218 1.0112371545 2.7884365627 -119.5361926248 4.0401944357 20.8396259893 -405.4963043061
-0.3942965046 1.3626675172 1.7112562794 -107.7180283303 1.6117455715 18.5577645185 -275.2850657449
0.5596315774 0.953928082 1.4480325734 -26.3223706022 2.1116488358 21.3397374002 -206.8838049345
-13.2800771467 -13.8397087241 4.159632618 271.1600044596 14.2831920904 3.1264380877 -148.8795828289
-7.2157772622 6.0642998845 5.8534660247 169.3833406718 14.3067682994 10.1723347094 -207.3209705145
2.2184648381 9.4342421003 2.4124889215 -344.0977103206 7.7989221257 14.6373107922 -224.6275808578
-6.2449046144 -8.4633694525 1.2370756935 -117.5413228015 8.191207958 1.9221108272 -181.9716814826
1.1372943787 7.3821989931 1.693540163 45.6464469479 5.8220338983 8.2630705498 -163.8572476493
-10.9427193855 -12.0800137642 1.9748992641 28.1359101084 15.5138060526 3.8613705267 -147.5578962246
3.8666083667 14.8093277522 3.0092643761 103.4365112029 13.7098984172 14.6201337388 -151.2809853791
-5.5394270537 -9.4060354204 2.4591826573 -55.0081718818 12.0066571564 7.0731040442 -136.9598391046
0.2784354824 5.8178625361 1.5856221163 -87.3560540992 6.3675126904 7.5122616448 -121.7474426909
10.0427543393 9.7643188569 2.0342137469 44.8591630604 11.8376049899 20.8133027804 -112.614580502
0.7925744828 -9.2501798565 1.5050560939 -52.9157652987 7.2966802835 22.4977001403 -78.0438922533
-5.9221736985 -6.7147481812 1.2964621952 -20.859389866 9.1759264378 13.6595275081 -62.9498511661
3.6807736182 9.6029473167 0.8113468082 -48.5115387067 7.8367624111 18.8856164817 -70.423818688
-0.7151072064 -4.3958808246 0.6815034296 -12.9843378569 4.8678526962 17.8660546718 -61.825898073
-6.6467173811 -5.9316101747 0.8386964351 15.7193005463 8.4230677196 8.1308384938 -54.0765378868
1.7215992751 8.3683166562 0.802784754 -3.591168109 7.4418604651 10.5639923962 -74.0416112671
-4.5846853186 -6.3062845937 0.7273247163 -7.5460037682 5.6675062972 5.124011754 -73.3726593191
-6.8911804354 -2.3064951168 1.1336482504 40.632353406 10.2561801441 0.3832860979 -84.5073566443
-2.9982187389 3.8929616965 1.539563101 40.5914850641 9.1659413125 7.1193561349 -110.459668542
0.2162435325 3.2144622714 0.8486881072 -69.0874993756 7.8111587983 7.5086341543 -151.0582188358
3.9283452934 3.7121017608 0.687842808 -16.084529921 7.2159650082 13.242014742 -157.3821302269
-3.2580055178 -7.1863508112 0.6250079576 -6.2834850428 6.6451523546 11.547222709 -115.4700920005
-1.5614398327 1.6965656851 0.5815991779 -4.3408779664 4.4735632184 10.1194735497 -118.9211789764
1.9463013763 3.5077412091 0.5606650718 -2.0934106194 4.0664375716 14.8689465718 -122.3303509751
-4.1875823328 -6.1338837091 0.6621138817 10.1448809939 5.9104046243 6.1348659004 -101.431093394
-2.3588305482 1.8287517846 0.7414537346 7.9339852901 4.7487700089 3.4940740741 -108.3787887917
-0.4176498129 1.9411807353 0.5037551279 -23.7698606651 3.6697695712 4.2855376627 -113.3626469922
0.5280676026 0.9457174155 0.4433397113 -6.0415416599 3.2786885246 5.5953080085 -106.0478681978
8.6664891212 8.1384215186 1.2824223837 83.9082672359 10.2928870293 27.2633140667 -91.3001016361
4.1022732778 -4.5642158434 1.1796584197 -10.2763964027 6.9080816291 38.3828393039 -46.5634131486
0.2523952915 -3.8498779863 1.8643820235 68.4723603834 7.4163052396 39.0968380057 -11.7152715286
10.6450528824 10.3926575908 1.9717147553 10.733273183 11.7718446602 75.3826681293 30.5274331733
-5.2617810092 -15.9068338916 1.5481194361 -42.3595319274 9.0819059949 58.9938879427 86.6204625488
2.8295032875 8.0912842968 0.7776725684 -77.0446867625 4.8755968836 68.5250663508 89.2734675655
-0.4862101187 -3.3157134063 0.7259728634 -5.1699705084 3.7679689074 75.6252811076 97.0284337949
1.9925134425 2.4787235612 1.1794571886 45.3484325226 6.5071462601 81.762243938 108.623172936
-6.5913403872 -8.5838538296 1.1277648741 -5.1692314475 9.2932835821 56.5908960009 134.2550170431
0.8591505676 7.4504909548 0.7537630999 -37.4001774237 4.7016666015 59.6578800852 65.7032694064
-5.5543790732 -6.4135296408 0.7978835479 4.4120448042 7.3146686663 39.5156181005 48.8938592633
7.6058959217 13.1602749949 0.871930413 7.4046865045 8.9320213519 65.5633843377 12.2835904392
-3.7426413128 -11.3485372345 0.7440720231 -12.7858389883 5.704008222 51.7461170734 41.1038994885
2.8457736744 6.5884149873 0.6402299574 -10.3842065693 6.2917894198 61.9780367462 36.7133298768
-2.6352047792 -5.4809784537 0.5823309567 -5.7899000638 4.7157480315 52.4737458483 42.873861563
2.5913007298 5.226505509 0.4636456735 -11.8685283218 4.4134629517 61.5201489815 17.4539338867
1.6360020546 -0.9552986752 0.6934562848 22.9810611304 3.3922012086 67.4160539098 24.8267463201
-2.3535541805 -3.989556235 0.5828540781 -11.0602206757 3.436420779 58.6057941521 47.7197590385
0.6585793162 3.0121334967 0.5939679842 1.1113906179 3.1402014834 61.0277036497 26.371378591
-0.5047373545 -1.1633166707 0.6136782707 1.9710286454 2.3428855582 57.8023715415 10.7787765194
5.7404696748 6.2452070293 0.7313941565 11.7715885755 7.1432650315 78.5743380855 4.4719480028
-0.3051945772 -6.045664252 0.6575451562 -7.3849000236 2.398516638 71.2292994454 88.810043618
-0.5439101178 -0.2387155406 0.8278151191 17.0269962926 4.0984814979 63.3680241327 113.9145155297
0.2831536235 0.8270637413 0.6554081391 -17.2406980094 1.9159880304 65.1055806938 102.1094580755
-9.5858358169 -9.8689894404 1.4629882004 80.75800613 11.411633104 7.6742081448 92.8870374154
0.4302988388 10.0161346557 0.9716762237 -49.1311976688 5.2761071624 18.5961800819 -87.1904211132
-0.504816303 -0.9351151417 0.560763243 -41.091298064 2.4374065486 16.1159618008 -163.797215925
-2.9934990653 -2.4886827624 0.688453599 12.7690355995 4.7021683144 4.692744813 -151.0731554365
4.2710981263 7.2645971916 0.9676521503 27.9198551298 5.5789012138 29.4017501989 -183.8339597117
-2.0137448705 -6.2848429968 0.9742978915 0.6645741161 3.6125226811 17.7820206842 -112.6103771265
1.091453564 3.1051984345 0.7939043153 -18.0393576188 2.7843621399 23.9522673031 -106.3406191645
0.6784823377 -0.4129712262 0.8807767544 8.6872439145 2.8698379509 27.8297533811 -90.0437118206
-0.5106107403 -1.189093078 0.6888549281 -19.1921826313 1.4986187845 24.4343675418 -79.493073884
1.9591807214 2.4697914617 0.6893159693 0.0461041214 3.3809139785 35.6404136834 -71.405503256
-3.4500443293 -5.4092250507 0.8826335485 19.3317579209 5.9216564286 15.5894988067 -33.0389971236
-0.3492255443 3.1008187849 0.6234812199 -25.9152328695 2.3601563136 13.6197295147 -73.2767966253
1.2489792678 1.5982048121 0.9371831348 31.3701914916 4.8122488569 21.4316087881 -87.980942601
-0.4926605068 -1.7416397746 0.804173001 -13.3010133805 2.590923453 18.579415702 -73.0791136666
0.4686220261 0.9612825329 0.67643487 -12.7738130997 1.6656450265 21.2252933302 -58.4566938921
-0.1059099429 -0.574531969 0.5801045772 -9.6330292808 1.8019876504 20.5433498701 -52.4929528811
-0.0403735676 0.0655363753 0.6555637254 7.5459148238 3.2198179604 20.5370501614 -51.1654442757
-0.4145141658 -0.3741405982 0.7879072682 13.2343542775 2.5984911987 18.2675801244 -29.5516325191
-3.2647427501 -2.8502285843 1.4227663891 63.4859120892 4.9885461317 7.8140182443 -62.6169882
-0.6686080373 2.5961347128 1.037604101 -38.5162288081 2.7161712817 9.3044497557 -158.1674628841
1.4117136456 2.0803216829 0.8409360349 -19.6668066124 2.6135710178 16.7561794796 -254.1157735022
-0.6767895879 -2.0885032334 1.1076296187 26.6693583812 2.0176544767 22.7464332036 -163.8887112569
0.8144783204 1.4912679082 0.9607068776 -14.6922741042 2.4885321101 30.3042585387 -129.730813766
1.2295650165 0.4150866961 0.677363646 -28.3343231608 2.4418670599 41.8423043666 -108.6652651098
-1.3113359931 -2.5409010096 0.7631454007 8.5781754665 2.4234639385 29.2342196282 -56.0410310553
0.1477685788 1.4591045719 0.9155732753 15.2427874566 1.4798213999 30.6150021617 -76.4910339449
0.241682596 0.0939140172 1.0222399624 10.6666687169 0.8778460291 32.8766753134 -72.8335299878
-1.9069181955 -2.1486007915 1.4351432524 41.2903289956 2.949418845 14.9832468655 -59.2464623986
-0.2524214852 1.6544967103 0.7501699543 -68.4973298118 1.0637832159 13.0998702983 -97.6315501433
7.6694915254 7.9219130106 1.943657235 119.3487280753 9.655076361 80.5713392066 -106.7906070411
0.1341431097 -7.5353484158 0.9534322007 -99.0225034272 1.4915679806 82.1717145389 110.2659388167
0.4059827894 0.2718396797 0.9007663871 -5.2665813606 2.0415252145 86.050148569 171.9677262713
-1.3234594741 -1.7294422635 0.96007553 5.9309142841 1.8825476946 73.2758171298 147.5209156174
0.0112914997 1.3347509739 1.1438065218 18.373099183 2.3246809903 73.3826825835 118.0568940738
-0.608837646 -0.6201291458 0.9912970168 -15.2509505002 2.1321525886 67.6327998749 94.9973084471
-0.4927473575 0.1160902885 0.8287784837 -16.2518533077 1.6073792191 62.7222019496 85.7175232032
0.3314237015 0.824171059 0.785407632 -4.3370851686 2.1838208927 65.8265130584 59.084702886
0.4419165633 0.1104928617 0.7377829445 -4.7624687509 1.3784880215 69.9812333837 69.2912472814
1.3922293916 0.9503128284 0.9745342785 23.6751333945 2.5866798555 82.7972684147 71.4808259854
6.297817113 4.9055877214 2.4991522206 152.4617942123 6.8789808917 95.4093343535 87.9037708126
0.2678743249 -6.0299427881 1.8356851352 -66.3467085393 3.4677508186 86.043255769 184.0988870219
1.5967343596 1.3288600347 1.263147575 -57.2537560166 2.9174964509 96.0123587912 215.142894461
-0.816930076 -2.4136644356 1.0728257308 -19.0321844245 2.8744074413 87.6946749977 200.9192938471
0.627077878 1.4440079541 0.8176018374 -25.5223893381 1.5383650953 91.5322204607 177.305316213
3.9313478041 3.3042699261 1.137637359 32.0035521604 5.4990124987 94.3897987122 152.2085499008
-9.0927634774 -13.0241112816 2.0552780284 91.7640669424 11.5612196284 44.9096860225 165.0548730233
2.2534699591 11.3462334365 1.1822241004 -87.3053928047 3.4255524626 55.1363801673 73.8594130582
-0.5017709563 -2.7552409154 0.8773066081 -30.4917492249 1.6792875718 52.870650988 37.9050993208
0.2299629067 0.731733863 0.9678236503 9.0517042165 4.2116779765 53.9422960359 29.5861963932
-0.1139328032 -0.3438957099 0.9810768646 1.325321427 3.1926440329 53.4113225846 8.0698954229
0.2291401215 0.3430729248 0.7148295846 -26.6247279963 1.1405237231 40.4657956151 25.408666448
-0.0586054519 -0.2877455734 0.6012833137 -11.3546270925 1.7978241798 39.9784089285 26.5357974494
-0.3198978002 -0.2612923484 0.5200020964 -8.1281217284 1.3997392438 38.0447379701 12.2092868793
-2.4169231901 -2.0970253898 1.0946601494 57.4658053031 4.1595300261 23.3675721158 6.1714170916
3.8112537338 6.2281769238 1.0300267846 -6.4633364835 4.4762838204 45.9794567305 -43.2608023043
0.1104319288 -3.7008218049 0.7655846447 -26.4442139866 2.4036345022 46.6319516106 -0.2379404474
0.3055538293 0.1951219004 0.8137062817 4.8121636925 1.6643621652 48.0650068049 28.2388082343
-0.2256281576 -0.5311819868 1.0589837715 24.527748982 3.3570701933 44.4899931677 30.0366103797
2.0223137588 2.2479419163 0.9232736657 -13.5710105808 2.945804746 57.0485175202 13.9666922529
-0.6747932637 -2.6971070225 0.6856450425 -23.7628623209 1.5656420933 48.2173112339 64.0948797874
-1.133302179 -0.4585089153 1.1979798533 51.2334810827 2.7173112386 38.1028237659 48.4003207076
0.2872190122 1.4205211913 0.8637136479 -33.4266205438 2.0265287309 40.2116402116 13.6124969846
-0.42985662 -0.7170756323 0.7966535406 -6.7060107303 1.3756048449 37.0389334547 8.9435859177
0.2876357993 0.7174924193 0.8905641592 9.3910618627 2.7951530612 39.1477499004 8.9457331719
1.2029547706 0.9153189713 0.7121405983 -17.8423560864 1.7013520443 47.9926418995 19.8045153994
2.0772284595 0.8742736889 0.9544456372 24.2305038837 3.3275983613 63.5849879577 107.4287502716
-0.6200729909 -2.6973014503 0.6660131954 -28.8432441705 1.545114656 80.3670817262 210.7430742823
0.1496791692 0.7697521601 0.8229702319 15.6957036411 2.0725786475 82.0937637526 167.1998244836
0.6946133612 0.5449341919 0.7377465164 -8.5223715429 1.5132721409 89.2697196407 160.2864547968
0.6362197198 -0.0583936413 0.8880873431 15.0340826708 1.7160493827 96.3913122266 149.6875488685
-1.5433930903 -2.1796128102 1.3883371075 50.0249764337 4.6521286112 77.7538067883 144.2439685179
0.1527312006 1.696124291 0.7535848971 -63.4752210334 0.9917664671 79.3317111106 81.7519814136
0.4543756222 0.3016444216 0.6505069432 -10.3077953927 1.0157185051 84.1181045079 84.0605799024
-0.34523129 -0.7996069122 0.6451851557 -0.5321787514 1.3983954149 80.6487218724 88.3420762643
-1.3837423428 -1.0385110528 1.2890589274 64.387377175 2.7652339159 63.5836727998 61.0018990989
0.3323618272 1.71610417 1.1392893237 -14.976960378 1.6413318582 55.1574335363 6.6109286228
2.2609572095 1.9285953823 1.2452734143 10.5984090619 2.7630928854 88.3892766969 -8.1221956954
-0.2913669243 -2.5523241337 0.7642754044 -48.0998009899 0.9332376167 84.5871082727 82.995887018
1.8626092914 2.1539762157 1.1773087419 41.3033337533 2.4172407856 93.4691011236 95.7155818346
0.066516578 -1.7960927135 0.7648129512 -41.2495790676 2.1256038647 89.9778499257 157.8794867554
-0.0740201461 -0.1405367241 0.5340680581 -23.0744893116 0.8150879955 89.0615043845 161.402534983
1.0267060579 1.100726204 1.0584919609 52.4423902787 2.2050159906 95.9399316622 154.2010289789
17.1973246729 16.1706186151 4.3860857564 332.7593795501 15.4645068691 96.2576777373 167.1349686591
1.5525437547 -15.6447809182 3.9144317822 -47.165397418 9.8864267556 76.620601128 457.7791720546
-0.6878739161 -2.2404176709 1.8952072328 -201.922454948 5.2009493796 73.1717053628 400.1655672201
2.1701941763 2.8580680925 1.1634772313 -73.173000145 2.9354324194 80.6408602151 242.3578701264
0.7778283942 -1.3923657821 1.2023548664 3.887763505 5.3104707012 83.4322580645 190.3566685016
2.5426065088 1.7647781146 1.0481168838 -15.4237982607 3.9740160489 92.4917562724 162.892166951
1.288714129 -1.2538923798 1.3692474356 32.1130551899 5.014137606 95.2210190949 144.231210443
-1.6871628251 -2.9758769542 0.8927192167 -47.6528218995 3.0872021991 89.1227306858 127.0776116475
3.072815534 4.7599783591 1.0356897056 14.2970488915 5.2932497233 92.6231687624 104.3961139165
-5.4728270904 -8.5456426244 1.4062100502 37.0520344624 7.6072586528 73.6103411618 107.5294306441
0.6106785029 6.0835055933 0.819014641 -58.7195409224 4.3176172799 75.6086585056 73.1991234016
-0.0352684763 -0.6459469792 0.4174021642 -40.161247673 1.8631104138 75.4266968414 54.9917353291
1.661234881 1.6965033573 0.4412168603 2.3814696106 2.9689558877 81.0407685435 56.8532391394
-2.0721925134 -3.7334273943 0.7141302666 27.2913406273 4.2067740325 74.015052356 57.9999766697
2.9606264739 5.0328189873 0.5960075055 -11.8122761146 3.7281731221 83.290372514 46.8034921012
0.5624579606 -2.3981685133 0.5788066017 -1.7200903737 1.5983481187 84.5647887324 55.7034531313
1.0770008515 0.5145428909 0.5594780592 -1.9328542485 1.6682428598 88.3001781154 65.9963703026
0.0045640913 -1.0724367603 0.6144219597 5.4943900483 2.7255639098 88.0788321168 77.8080699242
0.6284847148 0.6239206235 0.4755258217 -13.889613803 1.9372185202 90.3859778598 81.992309362
-0.6947029139 -1.3231876287 0.6294067631 15.3880941434 2.8103154666 87.7594095941 98.9424855289
1.89694165 2.5916445639 0.7282597209 9.8852957762 3.5490740741 94.9385856757 85.4497865841
2.5418413556 0.6448997057 1.1211227829 39.2863062018 4.7783928571 87.3963378618 126.2897759263
-1.3824666585 -3.9243080142 1.4450120712 32.3889288266 4.4579198166 77.5212636695 194.8929389131
-3.6029547553 -2.2204880968 1.5164689893 7.1456918119 7.0985316397 48.5503126777 156.4998718509
1.7935166757 5.396471431 1.4721650192 -4.4303970102 6.3226860254 61.3010639162 46.3643953721
-0.3633113829 -2.1568280586 0.4592634436 -101.2901575577 1.5878334113 58.8091177346 74.880854291
0.223389209 0.5867005918 0.4425756998 -1.6687743835 1.5078651685 60.4104063456 50.5183210199
-1.3497658108 -1.5731550198 0.6491821627 20.6606462883 2.8732183046 51.0192479493 48.6154575899
1.5782319678 2.9279977787 0.7419033381 9.2721175479 2.7683624283 62.2093180649 12.656578274
1.1510840032 -0.4271479646 0.5920203531 -14.9882985097 1.5883006294 70.6543219903 35.6391275603
2.0372640808 0.8861800776 0.8378141371 24.5793784064 3.0335861322 85.4990660278 85.8297881185
5.0571357335 3.0198716527 1.7349772519 89.7163114757 6.2701916496 92.0234899329 147.3108892965
1.0194745105 -4.037661223 1.4104358118 -32.454144006 5.2974576271 92.5736842105 264.2565289265
-0.9298727407 -1.9493472513 0.8157024389 -59.4733372941 2.4640832891 86.9073684211 239.5090506029
-0.4397922809 0.4900804599 0.8726277422 5.6925303335 3.2017226529 83.0134142803 189.793546061
1.6768928959 2.1166851768 1.3763286211 50.3700878924 4.6557881763 80.3467147375 139.2642905542
2.4109100737 0.7340171778 0.773681919 -60.2646702137 4.0321078953 95.5613605207 167.3800774202
3.7169306425 1.3060205688 0.9198063425 14.6124423458 3.8691953635 98.6307959556 155.057370725
2.6309390575 -1.085991585 1.2212511492 30.1444806735 4.5899470082 93.0069060369 180.3318009884
10.9967436111 8.3658045537 2.398548993 117.7297843768 13.223601884 88.0565925807 189.3425879586
-1.5393768442 -12.5361204553 2.6122605206 21.3711527674 10.2606032083 77.085933432 256.6173324047
11.8031238878 13.342500732 2.3732969485 -23.8963572167 15.1851851852 89.6834556371 227.5468789913
1.9490431807 -9.8540807072 1.9953362766 -37.7960671858 9.1613674396 87.1801470588 233.7065221697
2.8269685322 0.8779253515 0.9518829779 -104.3453298688 4.8369499333 93.9911151961 214.1639926687
-3.7028649493 -6.5298334815 1.7757566708 82.3873692888 7.3918269231 84.4147697839 179.1669624833
-6.524736709 -2.8218717597 2.2051476552 42.939098442 12.7697160883 68.2875251004 138.8527850699
-1.3300649329 5.1946717761 0.843804154 -136.1343501204 4.0411638509 65.218687249 81.5448902802
12.2794640446 13.6095289775 1.455713898 61.1909744016 12.4712843002 93.1752008032 64.4119659113
-2.574761228 -14.8542252726 1.3914530868 -6.4260811236 7.3936706952 86.5195267577 97.1284742979
-0.4068205756 2.1679406524 1.0563396425 -33.5113444292 3.3736533737 84.8799921306 86.9706559803
-3.4923233407 -3.0855027651 0.9584619667 -9.7877675816 6.873752495 75.3815086782 81.1089115458
2.9328246677 6.4251480084 0.94417705 -1.4284916712 6.0443421341 82.1879013859 60.4211124477
1.4639583692 -1.4688662985 0.8846219758 -5.9555074181 4.4772447724 85.5633333933 59.0820616643
0.7645156268 -0.6994427424 0.5351068093 -34.9515166489 2.2672334956 87.6007514034 70.8325469728
7.3716814159 6.6071657891 0.9310380326 39.5931223251 10.3727688787 95.9764295739 71.532244685
1.6694262088 -5.7022552072 0.9511856227 2.014759014 3.5845142518 95.190756127 105.73734052
-0.4213643613 -2.0907905701 0.5706500009 -38.0535621767 3.2716977572 93.8561024451 139.9641316702
-0.8166922301 -0.3953278688 0.609713972 3.9063971088 3.9245714286 91.0196573218 131.0994901804
-4.3596831088 -3.5429908786 1.2592612871 64.9547315033 11.7834401924 72.2726426991 120.4124284643
3.482478741 7.8421618498 0.7768194404 -48.2441846622 5.6492902025 80.7781862065 95.996080787
-0.127761543 -3.610240284 0.5679291522 -20.8890288206 2.1289125898 77.1888687152 82.462229079
2.1167686744 2.2445302174 0.5216576152 -4.6271536995 3.2987777347 84.1996860624 92.5934493283
-6.9926655971 -9.1094342715 0.9055207874 38.386317218 8.1826393742 55.653646484 106.2980445178
-5.2815174613 1.7111481358 1.5157413955 61.022060808 7.8199431716 35.8138308209 36.2950171967
1.1637769545 6.4452944158 0.9596046909 -55.6136704597 4.1019666443 39.9535456169 -62.7449286519
0.1108242651 -1.0529526893 0.7371797517 -22.242493921 5.38310882 40.4254925368 -61.4929082188
2.4777947421 2.366970477 0.7210242809 -1.6155470738 4.4754320988 42.9650874769 -75.0921288494
-1.0693149717 -3.5471097138 0.4828989496 -23.8125331389 3.6502520309 35.5257265807 -41.5047204632
-3.3836672037 -2.314352232 0.7050736783 22.2174728781 5.3981096408 11.2629473271 -49.8998828943
4.6565288814 8.0401960851 0.8536257397 14.8552061346 6.3466334165 33.0230474694 -85.7405557143
-1.2041097607 -5.8606386421 0.7174530052 -13.6172734514 3.9671660424 27.0188012371 -56.74905016
3.0785425307 4.2826522913 1.0061847182 28.8731712985 5.0123170732 41.9137499386 -54.7685403239
1.1184058349 -1.9601366958 0.7442268788 -26.1957839343 3.6076593717 47.4915320799 -24.8106552223
5.2767378573 4.1583320224 0.9926783641 24.8451485292 6.2190753315 73.966668303 0.7827386075
1.8243230746 -3.4524147826 0.7811193376 -21.1559026552 3.3543185046 83.7047763978 58.4205112667
1.6180197644 -0.2063033102 1.5899000754 80.8780737885 6.1395049823 79.8948327173 100.3250202457
4.0317212108 2.4137014463 1.1862030876 -40.3696987802 5.2308343922 93.496113873 143.2675562695
-2.4761252259 -6.5078464367 1.2513739916 6.5170903995 4.1382294599 81.8722429505 165.679024903
1.9105986917 4.3867239176 0.763928494 -48.7445497604 3.6973344798 90.5717658121 133.2017817359
2.8459782834 0.9353795917 0.8602364946 9.630800062 4.3253388947 96.6029961499 124.7228393273
6.7433909851 3.8974127017 1.2728690851 41.2632590402 6.4564127764 99.4469715282 138.0977272626
5.6063543933 -1.1370365919 2.5662000106 129.3330925518 11.0956989247 88.4131538292 171.2090711198
1.6506664181 -3.9556879751 1.2935392057 -127.2660804905 7.3503853379 87.6773673892 197.4865575196
1.3808912525 -0.2697751656 0.9578635383 -33.5675667382 4.6914821063 91.4894048156 185.3669256305
6.9126132808 5.5317220282 1.4104473094 45.2583771148 6.9535864979 99.3394500411 156.9837844383
10.764467529 3.8518542482 3.5378557141 212.7408404685 15.955619184 86.5725118077 173.1946468984
-13.5008856043 -24.2653531333 3.4751188624 -6.273685174 21.9090369491 59.1542453283 213.491308087
9.4492497793 22.9501353837 1.6795080373 -179.5610825096 11.9959935897 75.7184365978 123.7599599435
-4.0621901975 -13.5114399769 1.1474193317 -53.2088705559 7.7683559056 68.0211779049 114.4424840012
-8.8128302711 -4.7506400736 1.3500781092 20.2658777518 11.6091954023 51.7587861898 100.3757835672
-2.1116444477 6.7011858234 1.3997204015 4.9642292295 11.0996871205 46.7151552223 60.0674456018
2.0508428315 4.1624872792 1.6107786513 21.1058249788 11.0779975866 49.4063267977 23.6811710161
10.0968188105 8.045975979 1.3556685996 -25.5110051696 9.5973115186 65.9394258696 10.4751066727
-6.6524288107 -16.7492476212 0.8899975466 -46.5671053024 7.875 51.5198225787 68.0246473565
-1.5701122406 5.0823165701 0.8352440974 -5.4753449186 5.3511940246 44.48177374 51.0781279587
2.4958114802 4.0659237208 0.6628054793 -17.243861816 6.0051435919 47.9174664107 22.3532454324
1.329898281 -1.1659131992 0.5045844297 -15.8221049523 3.8446871208 48.9282868526 34.525985559
7.2620508326 5.9321525516 0.6811213603 17.6536930581 9.0614362133 65.5099601594 33.5228431571
2.4904809374 -4.7715698952 1.0234620836 34.2340723254 5.6796954989 71.5249500998 80.7702054473
-3.5071920947 -5.997673032 1.3835859161 36.0123832572 12.0034075956 61.174605823 129.0687299747
-6.3197363748 -2.8125442802 1.0582081284 -32.5377787744 9.1787280068 40.9897707516 100.7004822225
3.6525050913 9.9722414661 0.6661829354 -39.2025192948 6.8321413546 47.8482205986 -1.5917674793
-3.4140781819 -7.0665832732 0.6603090083 -0.5873927151 8.2203389831 38.3879330662 3.8895752463
-10.4052554642 -6.9911772823 0.8844488273 22.413981897 11.7796018163 10.5397124676 -35.901581213
6.5312260423 16.9364815065 0.9815452259 9.7096398605 11.1711711712 26.2008013198 -141.9401992545
-12.869076409 -19.4003024514 1.1505939348 16.9048708894 15.2157236126 1.9389652359 -120.4954709388
2.5211634573 15.3902398663 1.0414821387 -10.9111796092 9.0087375716 13.760072431 -190.912345976
9.9116131581 7.3904497008 1.0411282576 -0.0353881105 14.2380422692 38.3450368232 -193.394029046
-1.1694861035 -11.0810992617 0.7407609729 -30.0367284697 6.0159521621 35.3380147293 -101.4659393577
2.2311485084 3.400634612 0.6254093637 -11.5351609124 6.4956183937 41.1098333782 -66.6115696145
-1.4040576148 -3.6352061232 0.5260500737 -9.9359290082 4.8983628985 37.4226223973 -35.3707477469
-2.3597288059 -0.9556711911 0.5682427723 4.2192698611 5.4590384903 31.3253896406 -51.1692412664
-4.6232754203 -2.2635466145 0.7028250158 13.4582243564 5.0464037123 19.6939150009 -70.0143081978
-1.0289129611 3.5943624593 0.6657609746 -3.7064041201 4.1461205595 17.2073108072 -96.4395666755
1.1929245959 2.221837557 0.5903883828 -7.5372591789 4.4714496314 20.0599447041 -110.1609463849
-0.588434703 -1.7813592989 0.432142975 -15.8245407826 2.5579424832 18.692960779 -83.5721999133
-3.5370521173 -2.9486174143 0.7106002134 27.8457238353 8.3985199289 10.1910890362 -89.0355648077
0.6606237841 4.1976759014 0.4749905389 -23.5609674494 4.4814012313 11.7819480805 -92.6417100528
-0.3552885593 -1.0159123434 0.4776559458 0.2665406932 3.4330352554 10.952509114 -108.521689444
0.685030187 1.0403187463 0.5582007067 8.0544760867 3.2146489498 12.5812923589 -92.6915935737
5.2793733681 4.5943431812 0.7256854895 16.7484782777 5.4877445647 33.4403774945 -85.2109695247
2.9214820693 -2.3578912988 0.8016374093 7.5951919827 5.7742240564 46.5486725664 -35.8113779877
1.4342168675 -1.4872652019 0.8376399427 3.6002533396 3.6429240862 53.4233576642 20.5841014217
2.7851156426 1.3508987752 0.6659175932 -17.1722349498 3.7313843445 73.4489966555 77.6287237027
1.0381902393 -1.7469254033 0.8177148789 15.1797285673 4.4202898551 91.6274509804 118.54515347
8.2232387923 7.185048553 1.3944126287 57.6697749888 8.4582198953 96.2224152911 129.725446776
-2.9442096365 -11.1674484288 1.6999726295 30.5560000742 8.953262994 74.0422539518 205.1928575373
4.2964021007 7.2406117373 1.5471681359 -15.2804493544 6.2464995223 88.7639384654 188.3885343488
0.2070981211 -4.0893039796 1.1597381811 -38.7429954809 4.4693200663 89.5473355024 172.0719769131
-0.9521268613 -1.1592249824 0.8983756315 -26.1362549599 2.8699037831 85.7630223963 147.8368878126
-4.8038720539 -3.8517451926 0.980252104 8.1876472446 5.9657905715 67.7354139685 130.6101629342
2.1292399109 6.9331119647 0.6129058216 -36.7346282429 4.2060344828 75.3387876299 86.1223797369
-1.2392647607 -3.3685046716 0.4085897766 -20.4316044924 2.9590858446 70.4773035979 69.0502780613
-4.4357491907 -3.19648443 0.8009451889 39.2355412296 5.8282851207 54.5756072906 60.9289052372
-7.7386307305 -3.3028815399 1.3286657916 52.772060265 8.8956182611 27.9685377642 27.751242657
2.3738960936 10.1125268241 0.9130177571 -41.5648034504 5.2485659656 35.6603594782 -38.4255103999
0.3369979023 -2.0368981913 1.2218170333 30.8799276195 7.4601366743 36.8480904697 -47.8080795957
-1.1150689175 -1.4520668197 0.6782339014 -54.3583131836 4.4442958022 33.1996083015 -53.5613276802
0.8888018794 2.0038707969 0.5635465053 -11.468739616 4 31.0590319174 -58.4919064727
5.9119753158 5.0231734364 0.8764748312 31.2928325965 6.142726441 51.678219005 -58.5059874696
-1.4127735989 -7.3247489147 0.7559277697 -12.0547061539 3.5616438356 43.4304860035 -24.3795598364
-5.7422982203 -4.3295246214 1.11775837 36.1830600269 8.7568608214 15.2129267253 -24.4361360644
-0.403321237 5.3389769834 0.7986198674 -31.9138502596 4.6865846514 13.5583368853 -83.4531087958
2.8673551223 3.2706763593 0.6528269647 -14.5792902662 4.0708472954 24.7800984229 -104.9037747723
-2.4441192892 -5.3114744115 0.6610934367 0.8266472021 5.0809067701 14.8913085597 -70.7426722886
0.07992422 2.5240435092 0.6364680851 -2.4625351647 4.1230039679 15.216801643 -78.1023345515
2.2627111124 2.1827868924 1.059854614 42.3386528926 4.3955111279 24.1097376681 -73.8934833169
-1.8180766561 -4.0807877686 0.7557487787 -30.4105835258 3.2720308726 18.1917029107 -43.2216798627
-4.5622784885 -2.7442018323 1.1847523337 42.9003554992 6.7772599281 4.8796457082 -57.4172725503
-2.2894763913 2.2728020972 1.0126459985 -17.2106335205 4.1546688606 6.5465751917 -96.4043577822
0.9004096216 3.189886013 0.7690180385 -24.3627960028 3.5642533003 9.9264540338 -148.9118974117
0.0491507666 -0.851258855 0.5022914999 -26.6726538608 2.7235244736 11.7311403509 -148.1676344984
1.4208331856 1.371682419 0.5813247628 7.9033262899 3.1536113937 17.936135347 -147.0370545933
6.3393252904 4.9184921048 1.3267744194 74.5449656607 7.0574162679 47.7483381706 -111.4927564743
2.6624758221 -3.6768494683 1.3995210271 7.2746607714 4.6505151768 79.4662576687 11.2267908281
-0.4221715449 -3.0846473669 1.2934706575 -10.6050369652 3.9735160663 76.5030674847 105.8486495811
-0.0132501727 0.4089213722 0.9915034421 -30.1967215327 4.128440367 76.3496932515 102.5141085807
-2.503053081 -2.4898029083 1.7619042839 77.0400841758 6.9311106832 60.0429447853 104.7401102655
1.5264062454 4.0294593265 0.7927640727 -96.9140211231 2.5516196249 69.6871165644 57.7662231559
-0.714429174 -2.2408354194 0.6844884166 -10.8275656034 3.629926835 65.1042944785 51.3706335929
-0.7523215043 -0.0378923303 1.1587758237 47.4287407019 3.9265267176 60.3128834356 48.162348958
-1.9839652127 -1.2316437084 0.8319963262 -32.6779497448 4.1598459316 49.0699287471 30.7911850428
0.5951555723 2.5791207849 0.9444782304 11.2481904241 4.0124356359 52.8595750047 -1.2449100501
2.5219514116 1.9267958393 1.023253373 7.8775142564 3.9124109946 69.0459675894 -10.9428098155
-0.6999519923 -3.2219034039 0.8886373521 -13.4616020911 2.7397260274 64.4492086512 36.4055218824
-0.0879728541 0.6119791382 0.6905988913 -19.8038460787 1.8973128599 64.0015133363 36.1003679695
-0.2980799009 -0.2101070468 0.5296951795 -16.090371177 1.0405405405 61.9206759569 36.6672217034
-0.5046926713 -0.2066127704 0.8808608851 35.1165705589 2.6750362144 58.723753074 32.7283382829
-0.6039201147 -0.0992274435 0.6960960924 -18.4764792683 1.4306569343 54.7197175106 13.8673196354
-0.2993865031 0.3045336117 0.7588031786 6.2707086114 1.5402612595 52.7776026231 2.5894137352
0.8654641408 1.1648506439 1.4278456385 66.9042459955 6.5084745763 57.4667789571 -14.8138827995
-0.7331335357 -1.5985976766 0.7768790201 -65.0966618414 2.1359789904 50.3551829782 -61.5027464378
-1.7851277058 -1.0519941701 0.628419237 -14.8459783148 2.7189560467 33.6525001804 -46.2125565479
0.4381506537 2.2232783595 0.6734294775 4.5010240524 2.329566855 30.0023944449 -133.1992788965
-3.2484044675 -3.6865551212 1.0104385811 33.7009103652 4.3206965174 6.7032004527 -134.9888447583
-12.4617097153 -9.2133052478 3.0517684193 204.1329838149 20.3674531572 22.3168807753 -194.8431794137
-0.7943466058 11.6673631095 1.8249381706 -122.6830248679 5.8918671249 20.2855854986 -433.9609204857
-4.345407204 -3.5510605982 1.9605997688 13.566159816 8.4572507173 9.9410627713 -324.0875165877
1.4189885521 5.7643957561 1.2500617797 -71.0537989081 4.9951603146 15.054001759 -261.892684357
0.2609609084 -1.1580276437 0.9598173113 -29.0244468382 3.7752254961 15.7892700088 -193.0217053979
-1.8972166188 -2.1581775273 0.8656172341 -9.4200077215 4.1210917801 10.7626373626 -145.9563614138
3.0622749607 4.9594915795 1.5506691495 68.5051915373 7.5235748915 21.1530597342 -128.5469343751
0.0297950415 -3.0324799192 1.1631657231 -38.7503426353 3.8464705882 21.2662479918 -105.0746737455
0.8111983233 0.7814032819 0.6915231406 -47.1642582475 2.6593311846 23.7308310209 -78.1563260577
-1.6272727273 -2.4384710506 0.8122253525 12.0702211862 3.967592041 18.8332722609 -71.2686459315
-1.0614717373 0.56580099 0.7051480605 -10.7077291983 2.7623745659 15.7612546125 -68.5893996945
-0.1339545218 0.9275172154 0.5812593245 -12.3888736055 2.0826281465 15.7052830189 -69.0024981288
-3.362636957 -3.2286824352 0.9153500321 33.4090707629 4.5238641283 5.4536862004 -64.7437939499
4.2619632605 7.6246002175 1.3676885317 45.2338499606 6.4810263231 18.359082218 -73.1076696842
-0.2738431561 -4.5358064166 0.8945358243 -47.3152707434 2.8378378378 17.5292543021 -57.4777462806
4.7724883396 5.0463314957 1.3693727719 47.4836947651 6.401384083 32.5330783939 -44.5241634855
-0.0481187552 -4.8206070948 0.9615422649 -40.7830507039 2.6547894493 32.9844418514 -13.8401865344
-3.4976197209 -3.4495009657 1.2173509823 25.5808717398 6.4596999149 22.2361859975 7.3984705093
0.5102961389 4.0079158598 0.4974337266 -71.9917255708 1.7857142857 24.8041193779 1.7541972925
-0.3248622618 -0.8351584006 0.6495233216 15.208959504 3.4476067194 24.1457264957 -2.0051858973
0.8816662719 1.2065285337 0.6988227773 4.9299455743 2.2154407338 30.6092595168 19.9495178633
-2.2471923574 -3.1288586293 0.830779273 13.1956495705 3.724860169 42.008957373 41.5962929361
-2.0536075399 0.1935848175 0.9128869429 8.2107669888 3.2288819678 26.3429046947 -0.3382433726
0.9450883175 2.9986958573 0.8150137599 -9.7873182983 2.410977585 33.7145047732 -99.3462911053
-1.5327028229 -2.4777911404 0.8788090452 6.3795285228 3.6844115835 22.160615609 -89.5660828757
0.0140935636 1.5467963866 0.7496403526 -12.9168692594 2.8547437053 22.254116371 -117.3364741541
3.4400562525 3.4259626888 0.9719749789 22.2334626359 5.1464384717 47.9986161887 -106.4378409275
-0.3171456888 -3.7572019413 0.8904134926 -8.1561486305 2.2917316693 42.7779579562 -32.211555343
-2.1626685925 -1.8455229037 1.0329960247 14.2582532101 3.5911106184 25.3560161571 15.1135410943
-6.9006965035 -4.738027911 1.8812543482 84.8258323442 9.2896134122 11.2618366892 -38.3496656737
-0.7506222827 6.1500742208 0.9180198693 -96.3234478851 2.2081165508 7.5977857534 -229.7287511537
16.763913491 17.5145357738 2.5244483415 160.6428472132 16.3427662234 90.3949299533 -242.704616455
6.6327167197 -10.1311967713 4.1276966237 160.3248282269 18.3184185149 62.8664495114 49.0443617225
3.2495124594 -3.3832042604 2.0494192364 -207.827738734 7.3572380954 72.6361563518 318.1443418207
-3.3908711272 -6.6403835865 1.674939593 -37.4479643376 7.4943698811 62.0566775244 264.0896349115
2.2073019029 5.5981730301 1.2805305704 -39.4409022625 5.0052356021 68.6521172638 198.0875749145
-2.6882463365 -4.8955482394 1.0926194222 -18.7911148148 4.3447072426 60.4143322476 150.1496052231
-0.1438712172 2.5443751192 1.0586352433 -3.3984178989 5.2312599681 59.9625407166 109.6421660573
0.9927949887 1.1366662059 0.8454703179 -21.3164925321 2.6834788231 62.9188925081 89.8077199608
0.6295903113 -0.3632046773 0.5490801189 -29.6390199079 2.0005888791 64.8052117264 81.0955982674
-1.0241284843 -1.6537187956 0.5290076224 -2.0072496484 3.1661178501 61.7169381107 81.585201157
2.1409324892 3.1650609736 0.8719577094 34.2950086985 4.1817677282 68.1872964169 65.6011329993
-0.8915719092 -3.0325043984 0.8619996311 -0.9958078278 2.9528448062 65.4286644951 71.390280311
0.3364945051 1.2280664143 0.693336468 -16.8663163111 2.0220508404 66.4185667752 62.3489549695
-1.3166066327 -1.6531011378 0.7212725004 2.7936032447 2.9226666667 62.4169381107 60.0580977799
-4.7782721945 -3.4616655618 1.1370335061 41.5761005639 6.1008530396 48.0042345277 44.2677022199
0.4065541035 5.184826298 0.5225441184 -61.4489387604 1.7468468468 49.1664495114 4.3101896516
2.6142047273 2.2076506238 0.6129781591 9.0434040623 4.3422078256 56.6602605863 -13.7668143753
-3.394740801 -6.0089455284 0.7965378151 18.3559656075 5.0002645409 46.6863192182 4.7774168044
1.0142717121 4.4090125132 0.7098569308 -8.6680884378 3.604860486 49.5745928339 -28.3533097595
-0.5077131823 -1.5219848944 0.4814229956 -22.8433935174 1.6166213868 47.4645532172 -56.1545519127
-1.4908505116 -0.9831373294 0.6041892755 12.2766279919 2.4704545455 42.7278165503 -90.7353035983
-2.0199204754 -0.5290699637 0.8773525569 27.3163281347 4.4368600683 3.6411167513 -137.9854253434
0.2289998843 2.2489203597 0.4475388074 -42.9813749451 1.6738850521 6.0595166767 -146.2748283415
0.1373260752 -0.0916738091 0.6272637838 17.9724976417 3.2926462073 9.779427879 -143.8236810819
-3.7128640094 -3.8501900847 1.0647899421 43.7526158298 5.2157224302 8.5348993289 -123.5548425034
-0.6456971844 3.0671668251 1.1070825952 4.22926531 2.6236732886 8.6477612731 -160.3181842514
-0.4403829438 0.2053142406 0.8376461118 -26.9436483432 2.7333261538 6.2892207483 -163.8658792337
-5.8136261261 -5.3732431823 1.5510777583 71.3431646539 7.8027174842 6.3436097096 -141.1307599358
-4.7138161905 1.0998099356 3.2965616583 174.5483899972 12.3870967742 17.5582300417 -185.017726985
0.5962937331 5.3101099237 1.1654350671 -213.1126591228 3.6009356687 19.1494595547 -219.3312341579
-5.5780935837 -6.1743873169 1.5284962165 36.3061149463 6.4033427962 4.1590788933 -184.4513528083
3.0338119164 8.6119055001 2.6641110886 113.5614872017 11.6932264706 20.2238133302 -177.2172001566
0.6490867076 -2.3847252088 1.3335896795 -133.0521409091 4.3940054496 21.9124990174 -151.7469892186
4.9445473287 4.2954606211 1.8234678231 48.9878143615 10.6466361855 34.7384615385 -115.747739684
-1.1775596372 -6.1221069659 1.0668129455 -75.6654877591 3.7027345283 32.9384559359 -86.742386536
4.3291653861 5.5067250233 1.1437694856 7.6956540109 6.2127388535 46.5270364221 -62.8900916241
-2.5720224416 -6.9011878277 0.8594561207 -28.4313364875 4.7247119078 39.0127612368 -38.2708180983
-1.9857757243 0.5862467173 1.0988644966 23.9408375898 4.4001140304 34.2503089171 -38.3439774289
-1.3152945951 0.6704811292 0.825909671 -27.2954825578 3.6312623306 32.8394437421 -57.5361889119
-0.0234425767 1.2918520185 0.5878181148 -23.8091556237 2.1439189189 33.3782548423 -63.3963586599
-1.3491555265 -1.3257129499 1.4661499778 87.8331863025 8.8129032258 29.7295404814 -55.7872898216
2.7021692689 4.0513247954 1.001887996 -46.4261981809 4.4756179025 38.4175824176 -47.7398159102
1.8740018947 -0.8281673741 0.8050854041 -19.6802591899 3.7553211252 47.7580188679 -42.3001928526
-0.5259172667 -2.3999191614 0.8537846603 4.8699256225 1.9615151412 45.9061320755 -12.0090435644
0.3045152398 0.8304325065 0.9087572202 5.4972559876 2.5005288207 50.0427453584 10.4695375365
0.3045152398 0 0.8988567327 -0.9900487496 2.5005288207 56.8865082405 11.1704040657
-2.283188928 -2.5877041678 0.7303743204 -16.8482412343 4.9281045752 47.0842456082 24.7554895814
-1.5603708589 0.7228180691 0.7704258416 4.0051521183 3.3816620768 43.7807535824 19.1211158612
-0.1958707945 1.3645000644 0.4694277845 -30.099805705 2.05951481 52.0599250936 -46.7266561269
-0.1653259362 0.0305448583 0.713365331 24.3937546451 2.9431117204 51.1670411985 -73.6928521544
0.8435957854 1.0089217216 0.468979031 -24.4386299977 1.6184045806 55.6913857678 -77.2248087872
-2.6637748937 -3.507370679 0.5199237262 5.0944695239 3.572307705 41.127340824 -56.5094645561
0.7707944633 3.434569357 0.5049562455 -1.4967480763 2.6658611447 27.5831683168 -137.8417098053
-3.2007416147 -3.971536078 0.8719264533 36.6970207872 4.3916083916 5.4950690335 -136.7455798935
-3.8833683526 -0.6826267379 1.1250546314 25.3128178074 5.5055954804 4.9472868217 -182.6172440541
9.8732759245 13.7566442772 2.0039447476 87.8890116139 13.5080645161 59.5639575972 -240.6200274575
-1.7523080369 -11.6255839614 1.7930840839 -21.0860663627 4.6299457995 52.0218181818 -92.1816682115
0.5106756664 2.2629837033 0.6232659094 -116.9818174516 1.9459833795 57.2494296578 -28.6915709125
-0.7687802326 -1.2794558991 0.3883921286 -23.4873780837 1.1901682479 53.0608365019 -36.0237499242
5.1860805234 5.9548607561 0.8023347565 41.3942627972 5.2679110572 81.0980988593 -40.7610188184
-2.4480349194 -7.6341154428 1.3865868929 58.4252136347 5.5817906328 67.0790874525 60.124538557
-0.8408839326 1.6071509868 0.9028509312 -48.3735961672 3.760280125 65.1208365731 75.385864028
-0.7048183721 0.1360655605 0.578292061 -32.4558870179 1.9652711788 61.0633301068 17.6702377724
-0.0417764861 0.6630418861 0.7796916094 20.139954837 3.7374579691 60.8546628794 -11.7632667615
0.7322965843 0.7740730704 0.7360859952 -4.360561416 2.7411192629 65.0391151875 25.194732713
0.8459261975 0.1136296132 0.6026999043 -13.3386090934 1.7154083973 69.9106618639 0.9979062118
0.9962599243 0.1503337268 0.7290642088 12.6364304441 3.1938845313 75.6311588569 69.8516077065
-1.9277437832 -2.9240037075 0.7000772651 -2.8986943669 2.5409543967 64.345673527 129.1532841318
-0.7006624344 1.2270813487 0.6286882097 -7.1389055393 2.3905737705 60.3175232866 60.0881390182
0.0779682123 0.7786306468 0.408806463 -21.9881746656 1.1006202619 60.7634205557 16.265447024
-0.9115691794 -0.9895373917 0.1520902049 -25.6716258164 1.3282495667 55.5491201066 9.7708096712
