4691.61
4282.8
4258.81
4130.37
4208.47
4163.72
3944.69
3189.02
3700
3714.95
3699.99
4035.01
3910.04
3900
3609.99
3595.87
3780
3660.02
3920.75
3882.35
4193
4174.5
4174.69
4378.51
4378.48
4380
4310
4208.59
4292.43
4369
4423
4640
4786.95
4783.06
4821.43
5430
5649.98
5869.99
5709.99
5760.02
5595
5512.06
5683.9
6010.01
6024.97
5950.02
5915.93
5477.03
5689.99
5861.77
5768.83
5719.64
6169.98
6120.5
6463
6753.98
7019.98
7115.04
7357.09
7345.01
6960.12
7064.04
7303
7079.99
6506.98
6245.05
5811.03
6465.99
6574.99
7240.06
7864.5
7699.19
7761.94
8038
8212
8119.51
8205.92
8019.99
8138
8700.01
9128.02
9650
9896.8
9687.88
9838.96
10783
10890
11165.4
11579
11700
13550
16599
15880
14656.1
14900
16588
16350
16033.3
16335
17539.8
19102.7
18860
18856.2
17295.2
16489
15492.6
13326.6
13300
13500
13699.3
15689
15460
14182.1
14378.9
12440
13716.4
13380
14675.1
14919.5
15059.5
16960.4
17069.8
16150
14902.5
14400
14907.1
13238.8
13740
14210
13475
13539.9
10900
10988.8
10962
11475
12799.9
11530
10760
10799.2
11350
11175.3
11089
11491
11880
11251
10237.5
10285.1
9224.52
8873.03
9199.96
8184.81
6939.99
7652.14
7599
7784.02
8683.92
8533.98
8063.88
8903
8539.9
9449.99
10000.1
10160
11039.5
10383.4
11153
11201
10437.6
9811.04
10131
9694.51
9590
10324
10569
10326.8
10920
11039
11464.5
11515
11454
10716.5
9910
9271.64
9227
8770.22
9533.57
9131.34
9150
8170
8240.98
8260
7824.8
8189.99
8600
8909.98
8885
8722.9
8898.03
8546.86
8470.15
8134.23
7795.51
7949.3
7090.14
6840.23
6923.91
6813.01
7056
7405.21
6796.1
6770.76
6601.39
6895.8
7018
6782.72
6843.9
6953.79
7923
7877.41
7999.01
8355
8064.92
7885.02
8173
8278
8856.98
8915.31
8787.02
8934.01
9619.99
8869.99
9266
8915.35
9348
9419
9246.01
9071.48
9247.84
9750
9713.99
9864
9659.01
9365
9187.56
9310
9002.2
8400
8465.94
8679.71
8663.34
8462
8330
8041.46
8239.81
8233.49
8526.98
8381.24
7977.11
7501.95
7575.01
7457
7333.96
7338.99
7099
7461.29
7375.96
7485.01
7521.01
7640.03
7714.26
7487
7625
7658.84
7691.08
7603.44
7491.73
6764.99
6872
6530
6292.78
6635.98
6388.9
6483.98
6449.61
6712.46
6741.21
6761.51
6718.84
6045
6149.98
6136.97
6252
6070.78
6133.73
5853.98
6197.92
6390.07
6356.81
6615.29
6513.86
6586.98
6529.2
6609.78
6756.98
6712.1
6662.12
6296.91
6378.07
6250.57
6214.57
6251.99
6353.01
6723.35
7317.44
7381.9
7466.21
7337.53
7398.78
7394.79
7721.01
8397.24
8175.64
7920
8188.57
8225.04
8211
8173.92
7730.93
7604.58
7525.71
7418.78
7009.84
7024.19
6934.82
6720.06
6285
6529.79
6144.01
6232.35
6308.33
6246.35
6188.08
6267.16
6311.75
6584.49
6387.96
6477.53
6254.84
6480
6360.89
6525.01
6681.64
6733.64
6700
6908.64
7076.11
7031.22
6984.84
7011.21
7200.01
7302.01
7263.02
7359.06
6700
6516.01
6395.54
6185.05
6250.81
6312
6294.91
6338.62
6487.38
6476.63
6514.96
6505
6248.69
6336.45
6391.89
6492
6759.02
6723.05
6708
6581.39
6447.54
6465.12
6689.13
6634.58
6596.38
6626.57
6611.61
6525.79
6510
6593.79
6635.65
6594.27
6615.26
6673.01
6656.61
6631
6252.68
6298.01
6332.93
6339.34
6752.5
6759.27
6740.89
6618.96
6528.88
6588.4
6590.11
6581.2
6553.51
6565.5
6528.09
6538.63
6505.6
6489.93
6344.5
6330.87
6371.93
6410
6433.98
6387.09
6485.85
6468.99
6519.11
6578.46
6479.84
6419.99
6433.05
6449.81
6453.07
6457.66
5922.41
5753.4
5655.94
5628.29
5662
4910.03
4558.86
4661.07
4370
4420.61
3932.44
4085.78
3862.2
3875.21
4264.85
4295.84
4041.32
4190.02
4161.01
3884.01
3951.64
3769.84
3508.75
3403.55
3410.93
3545.37
3432.88
3380.39
3445
3302.06
3224.17
3211.72
3228.67
3509.08
3652.98
3662.22
4049.62
3838.66
3948.91
3929.71
4008.01
3745.79
3777.74
3567.91
3839.26
3695.32
3801.91
3702.9
3797.14
3858.56
3766.78
3792.01
3770.96
3987.6
3975.45
3955.13
3966.65
3585.88
3601.31
3583.13
3476.81
3626.09
3553.06
3591.84
3616.21
3594.87
3665.3
3539.28
3526.9
3570.93
3552.82
3569.62
3565.29
3565.25
3550.84
3434.15
3411.04
3458.18
3434.1
3462.07
3504.77
3458.11
3463.22
3471.59
3405.37
3398.4
3659.04
3665.18
3680.06
3631.05
3631.46
3609.4
3590.56
3602.47
3618.41
3667.58
3898.6
3907.79
3969.74
3937.31
3962
4117.76
3743.56
3827.92
3809.23
3818.07
3813.69
3823
3819.93
3807.75
3715.3
3857.73
3861.84
3873.64
3864.89
3943.04
3916.82
3871.61
3882.73
3866
3877.12
3923.76
4005.98
3981.14
3987.81
4015.53
4043.04
3980.64
3986.93
4006.01
3992.18
3936.12
3948.55
4038.05
4027.81
4103.25
4106.97
4103.95
4144.56
4857.29
4932.6
4898.66
5004.95
5043.89
5170.27
5236.9
5150
5308.25
5017.37
5048.01
5045.22
5131.3
5024.95
5173.72
5202.82
5258.44
5258.68
5291.73
5256.14
5357.14
5493.31
5415
5219.9
5314.1
5295.69
5307.52
5238.14
5320.81
5383.2
5492.87
5772.69
5829.45
5775.62
5747.79
5846.34
5987.29
6209.18
6373.33
7076.22
6967.31
7790.71
7947.56
8169.87
7866.59
7355.26
7257.45
8148.48
7938.15
7904.87
7628.43
7851.51
7964.87
8025.41
8614.43
8756.32
8715.64
8645.68
8269.54
8555
8544.07
8725.98
8115.82
7687.03
7776.5
7786.7
7980.53
7893.62
7628.13
7982.75
7884.9
8127.64
8218.54
8650
8808.7
8953.33
9313.96
9081.55
9255.49
9517.12
10159.9
10729.5
10906.1
11056.6
11820.9
13093.8
11330
12400.6
11903.1
10854.1
10624.9
10842.8
11940
11145.7
10970.7
11256.5
11406.2
12238.6
12543.4
12108.4
11342.9
11757.2
11355.8
10174.2
10838.7
9439.59
9667.92
10627.2
10504.3
10740.2
10589.5
10340.3
9864.91
9763.28
9879.87
9824
9476.52
9541.54
9507.64
9574.21
10080.5
10375
10523.8
10816.9
10929.2
11828.8
11481.7
11975
11999.8
11880
11309.3
11550
11396.1
10892.7
10050.4
10293.9
10331.5
10216
10306.8
10915.5
10760.5
10142.6
10099.9
10389.5
10134.3
10142.7
10372.2
10185
9721
9498.44
9584.54
9587.47
9724.98
10340
10615.3
10567
10564.5
10298.7
10455.9
10381.2
10303.1
10098.2
10158.3
10415
10342.1
10335
10302
10251.3
10187.8
10157
10244.3
10168.6
9986.39
10028.9
9702.25
8493.14
8430.05
8063.73
8177.91
8198.81
8043.82
8289.34
8292.44
8359.94
8223.96
8137.13
8126.19
7854.25
8190.09
8168.39
8560.74
8558.03
8258.5
8300.09
8275.01
8348.2
8159.29
7991.74
8070.58
7947.01
7948.01
8223.35
8197.27
8020
7466.62
7412.41
8655.02
9230
9529.93
9205.14
9407.62
9154.72
9140.85
9231.61
9289.52
9194.71
9393.35
9308.66
9339.05
9216.2
8773.73
8809.41
9039.47
8733.27
8821.94
8777.12
8646.68
8471.73
8491.02
8502.4
8187.17
8133.64
8098.01
7627.74
7268.23
7311.57
6903.28
7109.57
7156.14
7508.52
7419.49
7739.68
7541.89
7390.89
7294.28
7292.71
7194.32
7389
7527.47
7488.21
7510.11
7510.11
7338.64
7224.13
7210
7198.08
7258.48
7064.05
7118.59
6891.72
6623.82
7277.83
7150.3
7187.83
7132.75
7501.44
7317.09
7255.77
7204.63
7202
7254.74
7316.14
7388.24
7246
7195.23
7223.78
